201709030700      abi_gr           8      16.390     -47.740     217.770           0         200       3.000   35000.000
201709030700      abi_gr           8      16.390     -47.170     217.650           0         200       3.000   35000.000
201709030700      abi_gr           8      16.570     -47.170     215.450           0         200       3.000   35000.000
201709030700      abi_gr           8      16.570     -46.990     217.650           0         200       3.000   35000.000
201709030700      abi_gr           8      16.560     -46.780     215.960           0         200       3.000   35000.000
201709030700      abi_gr           8      16.570     -46.590     217.520           0         200       3.000   35000.000
201709030700      abi_gr           8      16.750     -47.170     215.280           0         200       3.000   35000.000
201709030700      abi_gr           8      16.750     -46.980     221.540           0         200       3.000   35000.000
201709030700      abi_gr           8      16.740     -46.780     223.100           0         200       3.000   35000.000
201709030700      abi_gr           8      16.750     -46.590     225.040           0         200       3.000   35000.000
201709030700      abi_gr           8      16.750     -46.400     222.590           0         200       3.000   35000.000
201709030700      abi_gr           8      16.740     -46.230     220.140           0         200       3.000   35000.000
201709030700      abi_gr           8      16.920     -48.090     214.730           0         200       3.000   35000.000
201709030700      abi_gr           8      16.920     -47.910     214.180           0         200       3.000   35000.000
201709030700      abi_gr           8      16.920     -47.350     211.140           0         200       3.000   35000.000
201709030700      abi_gr           8      16.930     -47.160     211.650           0         200       3.000   35000.000
201709030700      abi_gr           8      16.940     -46.980     215.580           0         200       3.000   35000.000
201709030700      abi_gr           8      16.920     -46.800     215.960           0         200       3.000   35000.000
201709030700      abi_gr           8      16.930     -46.620     222.090           0         200       3.000   35000.000
201709030700      abi_gr           8      16.910     -46.410     225.340           0         200       3.000   35000.000
201709030700      abi_gr           8      16.920     -46.220     226.060           0         200       3.000   35000.000
201709030700      abi_gr           8      17.110     -48.290     211.780           0         200       3.000   35000.000
201709030700      abi_gr           8      17.100     -48.090     219.210           0         200       3.000   35000.000
201709030700      abi_gr           8      17.110     -47.910     215.830           0         200       3.000   35000.000
201709030700      abi_gr           8      17.110     -47.730     216.760           0         200       3.000   35000.000
201709030700      abi_gr           8      17.100     -47.520     217.270           0         200       3.000   35000.000
201709030700      abi_gr           8      17.100     -47.340     214.060           0         200       3.000   35000.000
201709030700      abi_gr           8      17.110     -47.160     211.310           0         200       3.000   35000.000
201709030700      abi_gr           8      17.100     -46.980     209.280           0         200       3.000   35000.000
201709030700      abi_gr           8      17.100     -46.800     210.510           0         200       3.000   35000.000
201709030700      abi_gr           8      17.110     -46.610     210.970           0         200       3.000   35000.000
201709030700      abi_gr           8      17.100     -46.400     217.400           0         200       3.000   35000.000
201709030700      abi_gr           8      17.100     -46.220     223.610           0         200       3.000   35000.000
201709030700      abi_gr           8      17.280     -48.850     210.800           0         200       3.000   35000.000
201709030700      abi_gr           8      17.280     -48.670     218.160           0         200       3.000   35000.000
201709030700      abi_gr           8      17.270     -48.290     220.480           0         200       3.000   35000.000
201709030700      abi_gr           8      17.280     -48.080     219.420           0         200       3.000   35000.000
201709030700      abi_gr           8      17.290     -47.900     220.480           0         200       3.000   35000.000
201709030700      abi_gr           8      17.290     -47.720     224.200           0         200       3.000   35000.000
201709030700      abi_gr           8      17.280     -47.550     214.310           0         200       3.000   35000.000
201709030700      abi_gr           8      17.290     -47.340     215.580           0         200       3.000   35000.000
201709030700      abi_gr           8      17.270     -47.160     213.890           0         200       3.000   35000.000
201709030700      abi_gr           8      17.280     -46.980     212.880           0         200       3.000   35000.000
201709030700      abi_gr           8      17.290     -46.790     213.170           0         200       3.000   35000.000
201709030700      abi_gr           8      17.290     -46.610     211.780           0         200       3.000   35000.000
201709030700      abi_gr           8      17.280     -46.430     211.780           0         200       3.000   35000.000
201709030700      abi_gr           8      17.280     -46.240     219.340           0         200       3.000   35000.000
201709030700      abi_gr           8      17.290     -46.060     220.560           0         200       3.000   35000.000
201709030700      abi_gr           8      17.470     -49.040     218.750           0         200       3.000   35000.000
201709030700      abi_gr           8      17.460     -48.840     221.750           0         200       3.000   35000.000
201709030700      abi_gr           8      17.460     -48.670     217.010           0         200       3.000   35000.000
201709030700      abi_gr           8      17.450     -48.470     222.300           0         200       3.000   35000.000
201709030700      abi_gr           8      17.460     -48.290     220.900           0         200       3.000   35000.000
201709030700      abi_gr           8      17.460     -48.110     222.890           0         200       3.000   35000.000
201709030700      abi_gr           8      17.450     -47.910     216.890           0         200       3.000   35000.000
201709030700      abi_gr           8      17.460     -47.730     213.170           0         200       3.000   35000.000
201709030700      abi_gr           8      17.460     -47.540     215.580           0         200       3.000   35000.000
201709030700      abi_gr           8      17.470     -47.360     208.570           0         200       3.000   35000.000
201709030700      abi_gr           8      17.460     -47.160     208.400           0         200       3.000   35000.000
201709030700      abi_gr           8      17.460     -46.970     208.400           0         200       3.000   35000.000
201709030700      abi_gr           8      17.470     -46.790     208.230           0         200       3.000   35000.000
201709030700      abi_gr           8      17.450     -46.610     210.170           0         200       3.000   35000.000
201709030700      abi_gr           8      17.460     -46.420     211.480           0         200       3.000   35000.000
201709030700      abi_gr           8      17.470     -46.240     212.710           0         200       3.000   35000.000
201709030700      abi_gr           8      17.470     -46.050     220.010           0         200       3.000   35000.000
201709030700      abi_gr           8      17.630     -49.040     217.010           0         200       3.000   35000.000
201709030700      abi_gr           8      17.640     -48.840     222.890           0         200       3.000   35000.000
201709030700      abi_gr           8      17.650     -48.660     219.550           0         200       3.000   35000.000
201709030700      abi_gr           8      17.630     -48.460     221.960           0         200       3.000   35000.000
201709030700      abi_gr           8      17.640     -48.280     221.540           0         200       3.000   35000.000
201709030700      abi_gr           8      17.650     -48.100     218.370           0         200       3.000   35000.000
201709030700      abi_gr           8      17.630     -47.900     216.250           0         200       3.000   35000.000
201709030700      abi_gr           8      17.640     -47.720     212.880           0         200       3.000   35000.000
201709030700      abi_gr           8      17.640     -47.540     208.400           0         200       3.000   35000.000
201709030700      abi_gr           8      17.650     -47.360     203.750           0         200       3.000   35000.000
201709030700      abi_gr           8      17.640     -47.150     202.350           0         200       3.000   35000.000
201709030700      abi_gr           8      17.630     -46.790     203.540           0         200       3.000   35000.000
201709030700      abi_gr           8      17.640     -46.600     205.480           0         200       3.000   35000.000
201709030700      abi_gr           8      17.640     -46.420     208.230           0         200       3.000   35000.000
201709030700      abi_gr           8      17.650     -46.230     210.800           0         200       3.000   35000.000
201709030700      abi_gr           8      17.640     -46.050     218.370           0         200       3.000   35000.000
201709030700      abi_gr           8      17.640     -45.860     213.170           0         200       3.000   35000.000
201709030700      abi_gr           8      17.820     -49.040     218.870           0         200       3.000   35000.000
201709030700      abi_gr           8      17.820     -48.830     222.300           0         200       3.000   35000.000
201709030700      abi_gr           8      17.830     -48.660     221.240           0         200       3.000   35000.000
201709030700      abi_gr           8      17.820     -48.460     222.510           0         200       3.000   35000.000
201709030700      abi_gr           8      17.820     -48.280     217.270           0         200       3.000   35000.000
201709030700      abi_gr           8      17.830     -48.100     216.380           0         200       3.000   35000.000
201709030700      abi_gr           8      17.810     -47.930     213.470           0         200       3.000   35000.000
201709030700      abi_gr           8      17.820     -47.720     208.020           0         200       3.000   35000.000
201709030700      abi_gr           8      17.820     -46.600     204.430           0         200       3.000   35000.000
201709030700      abi_gr           8      17.830     -46.410     206.880           0         200       3.000   35000.000
201709030700      abi_gr           8      17.810     -46.230     209.450           0         200       3.000   35000.000
201709030700      abi_gr           8      17.820     -46.040     216.760           0         200       3.000   35000.000
201709030700      abi_gr           8      17.810     -45.670     210.970           0         200       3.000   35000.000
201709030700      abi_gr           8      18.000     -49.030     220.230           0         200       3.000   35000.000
201709030700      abi_gr           8      17.990     -48.840     218.870           0         200       3.000   35000.000
201709030700      abi_gr           8      17.990     -48.660     226.770           0         200       3.000   35000.000
201709030700      abi_gr           8      18.000     -48.480     218.870           0         200       3.000   35000.000
201709030700      abi_gr           8      17.980     -48.280     217.520           0         200       3.000   35000.000
201709030700      abi_gr           8      17.990     -48.100     214.730           0         200       3.000   35000.000
201709030700      abi_gr           8      18.000     -47.920     210.170           0         200       3.000   35000.000
201709030700      abi_gr           8      17.980     -46.600     204.850           0         200       3.000   35000.000
201709030700      abi_gr           8      18.000     -46.220     206.710           0         200       3.000   35000.000
201709030700      abi_gr           8      18.000     -46.030     212.880           0         200       3.000   35000.000
201709030700      abi_gr           8      18.000     -45.660     210.510           0         200       3.000   35000.000
201709030700      abi_gr           8      18.180     -49.030     220.140           0         200       3.000   35000.000
201709030700      abi_gr           8      18.170     -48.860     217.400           0         200       3.000   35000.000
201709030700      abi_gr           8      18.170     -48.650     224.200           0         200       3.000   35000.000
201709030700      abi_gr           8      18.180     -48.470     215.960           0         200       3.000   35000.000
201709030700      abi_gr           8      18.170     -48.270     215.830           0         200       3.000   35000.000
201709030700      abi_gr           8      18.170     -48.090     212.410           0         200       3.000   35000.000
201709030700      abi_gr           8      18.170     -46.980     208.400           0         200       3.000   35000.000
201709030700      abi_gr           8      18.180     -46.800     212.580           0         200       3.000   35000.000
201709030700      abi_gr           8      18.180     -45.680     205.270           0         200       3.000   35000.000
201709030700      abi_gr           8      18.340     -49.030     223.310           0         200       3.000   35000.000
201709030700      abi_gr           8      18.350     -48.850     220.350           0         200       3.000   35000.000
201709030700      abi_gr           8      18.360     -48.650     222.170           0         200       3.000   35000.000
201709030700      abi_gr           8      18.340     -48.470     217.520           0         200       3.000   35000.000
201709030700      abi_gr           8      18.350     -48.300     216.250           0         200       3.000   35000.000
201709030700      abi_gr           8      18.360     -48.080     210.170           0         200       3.000   35000.000
201709030700      abi_gr           8      18.350     -46.050     206.490           0         200       3.000   35000.000
201709030700      abi_gr           8      18.530     -49.020     221.110           0         200       3.000   35000.000
201709030700      abi_gr           8      18.530     -48.850     222.590           0         200       3.000   35000.000
201709030700      abi_gr           8      18.540     -48.670     223.010           0         200       3.000   35000.000
201709030700      abi_gr           8      18.530     -48.470     219.340           0         200       3.000   35000.000
201709030700      abi_gr           8      18.530     -48.290     214.610           0         200       3.000   35000.000
201709030700      abi_gr           8      18.540     -48.110     211.310           0         200       3.000   35000.000
201709030700      abi_gr           8      18.530     -46.040     205.480           0         200       3.000   35000.000
201709030700      abi_gr           8      18.700     -48.850     223.610           0         200       3.000   35000.000
201709030700      abi_gr           8      18.700     -48.670     222.510           0         200       3.000   35000.000
201709030700      abi_gr           8      18.710     -48.460     218.490           0         200       3.000   35000.000
201709030700      abi_gr           8      18.700     -48.290     213.890           0         200       3.000   35000.000
201709030700      abi_gr           8      18.700     -48.100     211.480           0         200       3.000   35000.000
201709030700      abi_gr           8      18.700     -46.030     205.900           0         200       3.000   35000.000
201709030700      abi_gr           8      18.880     -48.840     224.580           0         200       3.000   35000.000
201709030700      abi_gr           8      18.890     -48.660     221.750           0         200       3.000   35000.000
201709030700      abi_gr           8      18.890     -48.480     219.550           0         200       3.000   35000.000
201709030700      abi_gr           8      18.880     -48.280     214.900           0         200       3.000   35000.000
201709030700      abi_gr           8      18.890     -48.100     211.650           0         200       3.000   35000.000
201709030700      abi_gr           8      18.900     -46.240     204.850           0         200       3.000   35000.000
201709030700      abi_gr           8      18.880     -46.050     205.060           0         200       3.000   35000.000
201709030700      abi_gr           8      18.890     -45.860     209.660           0         200       3.000   35000.000
201709030700      abi_gr           8      19.050     -48.660     221.960           0         200       3.000   35000.000
201709030700      abi_gr           8      19.060     -48.480     221.320           0         200       3.000   35000.000
201709030700      abi_gr           8      19.070     -48.300     219.340           0         200       3.000   35000.000
201709030700      abi_gr           8      19.050     -48.090     214.480           0         200       3.000   35000.000
201709030700      abi_gr           8      19.060     -47.910     209.110           0         200       3.000   35000.000
201709030700      abi_gr           8      19.240     -48.470     222.510           0         200       3.000   35000.000
201709030700      abi_gr           8      19.230     -48.290     220.480           0         200       3.000   35000.000
201709030700      abi_gr           8      19.240     -48.110     215.830           0         200       3.000   35000.000
201709030700      abi_gr           8      19.220     -47.910     212.410           0         200       3.000   35000.000
201709030700      abi_gr           8      19.410     -48.280     220.900           0         200       3.000   35000.000
201709030700      abi_gr           8      19.420     -48.100     220.230           0         200       3.000   35000.000
201709030700      abi_gr           8      19.410     -47.920     216.250           0         200       3.000   35000.000
201709030700      abi_gr           8      19.420     -47.710     212.240           0         200       3.000   35000.000
201709030700      abi_gr           8      19.590     -48.100     224.280           0         200       3.000   35000.000
201709030700      abi_gr           8      19.590     -47.910     220.690           0         200       3.000   35000.000
201709030700      abi_gr           8      19.600     -47.730     218.240           0         200       3.000   35000.000
201709030700      abi_gr           8      19.590     -47.550     213.890           0         200       3.000   35000.000
201709030700      abi_gr           8      16.430     -47.690     215.710           0         200       3.000   35000.000
201709030700      abi_gr           8      16.420     -47.190     213.890           0         200       3.000   35000.000
201709030700      abi_gr           8      16.410     -47.070     212.710           0         200       3.000   35000.000
201709030700      abi_gr           8      16.410     -46.950     215.450           0         200       3.000   35000.000
201709030700      abi_gr           8      16.540     -47.450     214.310           0         200       3.000   35000.000
201709030700      abi_gr           8      16.540     -47.330     214.060           0         200       3.000   35000.000
201709030700      abi_gr           8      16.540     -47.210     214.060           0         200       3.000   35000.000
201709030700      abi_gr           8      16.530     -47.060     216.130           0         200       3.000   35000.000
201709030700      abi_gr           8      16.530     -46.940     217.520           0         200       3.000   35000.000
201709030700      abi_gr           8      16.540     -46.820     215.450           0         200       3.000   35000.000
201709030700      abi_gr           8      16.540     -46.690     217.140           0         200       3.000   35000.000
201709030700      abi_gr           8      16.550     -46.570     216.510           0         200       3.000   35000.000
201709030700      abi_gr           8      16.660     -47.320     216.890           0         200       3.000   35000.000
201709030700      abi_gr           8      16.670     -47.190     218.490           0         200       3.000   35000.000
201709030700      abi_gr           8      16.650     -47.080     219.420           0         200       3.000   35000.000
201709030700      abi_gr           8      16.650     -46.960     220.900           0         200       3.000   35000.000
201709030700      abi_gr           8      16.660     -46.830     219.680           0         200       3.000   35000.000
201709030700      abi_gr           8      16.660     -46.680     222.170           0         200       3.000   35000.000
201709030700      abi_gr           8      16.650     -46.560     223.100           0         200       3.000   35000.000
201709030700      abi_gr           8      16.650     -46.440     221.320           0         200       3.000   35000.000
201709030700      abi_gr           8      16.650     -46.320     218.490           0         200       3.000   35000.000
201709030700      abi_gr           8      16.770     -47.820     220.480           0         200       3.000   35000.000
201709030700      abi_gr           8      16.770     -47.700     217.270           0         200       3.000   35000.000
201709030700      abi_gr           8      16.770     -47.190     214.180           0         200       3.000   35000.000
201709030700      abi_gr           8      16.770     -47.070     218.750           0         200       3.000   35000.000
201709030700      abi_gr           8      16.780     -46.950     221.750           0         200       3.000   35000.000
201709030700      abi_gr           8      16.780     -46.820     222.720           0         200       3.000   35000.000
201709030700      abi_gr           8      16.780     -46.700     225.130           0         200       3.000   35000.000
201709030700      abi_gr           8      16.790     -46.580     225.340           0         200       3.000   35000.000
201709030700      abi_gr           8      16.770     -46.460     225.250           0         200       3.000   35000.000
201709030700      abi_gr           8      16.780     -46.340     225.890           0         200       3.000   35000.000
201709030700      abi_gr           8      16.780     -46.210     221.540           0         200       3.000   35000.000
201709030700      abi_gr           8      16.900     -47.950     215.960           0         200       3.000   35000.000
201709030700      abi_gr           8      16.910     -47.830     213.000           0         200       3.000   35000.000
201709030700      abi_gr           8      16.890     -47.060     210.970           0         200       3.000   35000.000
201709030700      abi_gr           8      16.900     -46.930     218.160           0         200       3.000   35000.000
201709030700      abi_gr           8      16.900     -46.810     215.830           0         200       3.000   35000.000
201709030700      abi_gr           8      16.900     -46.690     220.690           0         200       3.000   35000.000
201709030700      abi_gr           8      16.890     -46.570     222.720           0         200       3.000   35000.000
201709030700      abi_gr           8      16.890     -46.450     225.680           0         200       3.000   35000.000
201709030700      abi_gr           8      16.900     -46.320     225.040           0         200       3.000   35000.000
201709030700      abi_gr           8      16.900     -46.200     225.130           0         200       3.000   35000.000
201709030700      abi_gr           8      16.910     -46.070     217.770           0         200       3.000   35000.000
201709030700      abi_gr           8      17.010     -48.320     213.590           0         200       3.000   35000.000
201709030700      abi_gr           8      17.020     -48.210     217.010           0         200       3.000   35000.000
201709030700      abi_gr           8      17.020     -48.060     215.830           0         200       3.000   35000.000
201709030700      abi_gr           8      17.020     -47.940     213.000           0         200       3.000   35000.000
201709030700      abi_gr           8      17.010     -47.820     215.280           0         200       3.000   35000.000
201709030700      abi_gr           8      17.010     -47.700     216.380           0         200       3.000   35000.000
201709030700      abi_gr           8      17.020     -47.580     212.240           0         200       3.000   35000.000
201709030700      abi_gr           8      17.020     -47.430     216.130           0         200       3.000   35000.000
201709030700      abi_gr           8      17.000     -47.320     211.650           0         200       3.000   35000.000
201709030700      abi_gr           8      17.010     -47.200     215.160           0         200       3.000   35000.000
201709030700      abi_gr           8      17.010     -47.070     211.780           0         200       3.000   35000.000
201709030700      abi_gr           8      17.020     -46.950     210.170           0         200       3.000   35000.000
201709030700      abi_gr           8      17.020     -46.830     209.660           0         200       3.000   35000.000
201709030700      abi_gr           8      17.030     -46.710     212.240           0         200       3.000   35000.000
201709030700      abi_gr           8      17.010     -46.560     217.520           0         200       3.000   35000.000
201709030700      abi_gr           8      17.010     -46.430     220.140           0         200       3.000   35000.000
201709030700      abi_gr           8      17.020     -46.310     225.130           0         200       3.000   35000.000
201709030700      abi_gr           8      17.000     -46.190     224.660           0         200       3.000   35000.000
201709030700      abi_gr           8      17.150     -48.570     213.890           0         200       3.000   35000.000
201709030700      abi_gr           8      17.130     -48.310     215.580           0         200       3.000   35000.000
201709030700      abi_gr           8      17.140     -48.190     214.730           0         200       3.000   35000.000
201709030700      abi_gr           8      17.140     -48.070     217.770           0         200       3.000   35000.000
201709030700      abi_gr           8      17.130     -47.930     217.010           0         200       3.000   35000.000
201709030700      abi_gr           8      17.130     -47.810     217.270           0         200       3.000   35000.000
201709030700      abi_gr           8      17.130     -47.690     216.510           0         200       3.000   35000.000
201709030700      abi_gr           8      17.140     -47.570     214.900           0         200       3.000   35000.000
201709030700      abi_gr           8      17.140     -47.450     216.760           0         200       3.000   35000.000
201709030700      abi_gr           8      17.150     -47.330     215.280           0         200       3.000   35000.000
201709030700      abi_gr           8      17.130     -47.180     211.950           0         200       3.000   35000.000
201709030700      abi_gr           8      17.130     -47.060     211.310           0         200       3.000   35000.000
201709030700      abi_gr           8      17.140     -46.940     211.650           0         200       3.000   35000.000
201709030700      abi_gr           8      17.140     -46.810     210.510           0         200       3.000   35000.000
201709030700      abi_gr           8      17.130     -46.700     211.480           0         200       3.000   35000.000
201709030700      abi_gr           8      17.130     -46.580     210.000           0         200       3.000   35000.000
201709030700      abi_gr           8      17.140     -46.450     213.000           0         200       3.000   35000.000
201709030700      abi_gr           8      17.140     -46.330     219.890           0         200       3.000   35000.000
201709030700      abi_gr           8      17.140     -46.200     224.960           0         200       3.000   35000.000
201709030700      abi_gr           8      17.130     -46.080     219.210           0         200       3.000   35000.000
201709030700      abi_gr           8      17.240     -48.680     217.140           0         200       3.000   35000.000
201709030700      abi_gr           8      17.250     -48.570     215.450           0         200       3.000   35000.000
201709030700      abi_gr           8      17.250     -48.330     210.680           0         200       3.000   35000.000
201709030700      abi_gr           8      17.260     -48.180     219.340           0         200       3.000   35000.000
201709030700      abi_gr           8      17.260     -48.060     219.420           0         200       3.000   35000.000
201709030700      abi_gr           8      17.250     -47.950     219.340           0         200       3.000   35000.000
201709030700      abi_gr           8      17.250     -47.830     220.010           0         200       3.000   35000.000
201709030700      abi_gr           8      17.250     -47.710     221.240           0         200       3.000   35000.000
201709030700      abi_gr           8      17.260     -47.560     218.960           0         200       3.000   35000.000
201709030700      abi_gr           8      17.240     -47.440     216.760           0         200       3.000   35000.000
201709030700      abi_gr           8      17.250     -47.320     214.180           0         200       3.000   35000.000
201709030700      abi_gr           8      17.250     -47.200     212.410           0         200       3.000   35000.000
201709030700      abi_gr           8      17.260     -47.080     210.970           0         200       3.000   35000.000
201709030700      abi_gr           8      17.260     -46.960     211.480           0         200       3.000   35000.000
201709030700      abi_gr           8      17.260     -46.830     213.590           0         200       3.000   35000.000
201709030700      abi_gr           8      17.250     -46.690     211.780           0         200       3.000   35000.000
201709030700      abi_gr           8      17.250     -46.560     210.510           0         200       3.000   35000.000
201709030700      abi_gr           8      17.260     -46.440     211.310           0         200       3.000   35000.000
201709030700      abi_gr           8      17.260     -46.310     217.270           0         200       3.000   35000.000
201709030700      abi_gr           8      17.250     -46.190     223.230           0         200       3.000   35000.000
201709030700      abi_gr           8      17.250     -46.070     220.690           0         200       3.000   35000.000
201709030700      abi_gr           8      17.370     -48.930     216.630           0         200       3.000   35000.000
201709030700      abi_gr           8      17.380     -48.810     220.480           0         200       3.000   35000.000
201709030700      abi_gr           8      17.380     -48.690     217.650           0         200       3.000   35000.000
201709030700      abi_gr           8      17.370     -48.550     220.900           0         200       3.000   35000.000
201709030700      abi_gr           8      17.370     -48.440     218.370           0         200       3.000   35000.000
201709030700      abi_gr           8      17.380     -48.320     223.820           0         200       3.000   35000.000
201709030700      abi_gr           8      17.380     -48.200     220.900           0         200       3.000   35000.000
201709030700      abi_gr           8      17.360     -48.060     220.690           0         200       3.000   35000.000
201709030700      abi_gr           8      17.370     -47.940     222.590           0         200       3.000   35000.000
201709030700      abi_gr           8      17.370     -47.820     221.660           0         200       3.000   35000.000
201709030700      abi_gr           8      17.380     -47.690     218.030           0         200       3.000   35000.000
201709030700      abi_gr           8      17.380     -47.570     213.170           0         200       3.000   35000.000
201709030700      abi_gr           8      17.380     -47.450     213.000           0         200       3.000   35000.000
201709030700      abi_gr           8      17.370     -47.310     212.240           0         200       3.000   35000.000
201709030700      abi_gr           8      17.370     -47.190     210.970           0         200       3.000   35000.000
201709030700      abi_gr           8      17.380     -47.060     209.830           0         200       3.000   35000.000
201709030700      abi_gr           8      17.380     -46.940     209.830           0         200       3.000   35000.000
201709030700      abi_gr           8      17.370     -46.830     209.830           0         200       3.000   35000.000
201709030700      abi_gr           8      17.370     -46.700     209.280           0         200       3.000   35000.000
201709030700      abi_gr           8      17.370     -46.580     210.970           0         200       3.000   35000.000
201709030700      abi_gr           8      17.380     -46.450     212.580           0         200       3.000   35000.000
201709030700      abi_gr           8      17.380     -46.330     212.410           0         200       3.000   35000.000
201709030700      abi_gr           8      17.370     -46.210     215.280           0         200       3.000   35000.000
201709030700      abi_gr           8      17.370     -46.090     220.350           0         200       3.000   35000.000
201709030700      abi_gr           8      17.380     -45.960     217.010           0         200       3.000   35000.000
201709030700      abi_gr           8      17.500     -48.950     216.890           0         200       3.000   35000.000
201709030700      abi_gr           8      17.480     -48.810     220.140           0         200       3.000   35000.000
201709030700      abi_gr           8      17.480     -48.690     210.340           0         200       3.000   35000.000
201709030700      abi_gr           8      17.490     -48.570     220.690           0         200       3.000   35000.000
201709030700      abi_gr           8      17.490     -48.450     222.510           0         200       3.000   35000.000
201709030700      abi_gr           8      17.500     -48.300     221.030           0         200       3.000   35000.000
201709030700      abi_gr           8      17.480     -48.190     221.540           0         200       3.000   35000.000
201709030700      abi_gr           8      17.480     -48.070     222.800           0         200       3.000   35000.000
201709030700      abi_gr           8      17.490     -47.950     219.680           0         200       3.000   35000.000
201709030700      abi_gr           8      17.490     -47.830     215.580           0         200       3.000   35000.000
201709030700      abi_gr           8      17.500     -47.680     215.280           0         200       3.000   35000.000
201709030700      abi_gr           8      17.480     -47.570     213.890           0         200       3.000   35000.000
201709030700      abi_gr           8      17.490     -47.450     210.170           0         200       3.000   35000.000
201709030700      abi_gr           8      17.490     -47.330     207.470           0         200       3.000   35000.000
201709030700      abi_gr           8      17.490     -47.200     206.120           0         200       3.000   35000.000
201709030700      abi_gr           8      17.500     -47.080     205.480           0         200       3.000   35000.000
201709030700      abi_gr           8      17.480     -46.940     206.490           0         200       3.000   35000.000
201709030700      abi_gr           8      17.490     -46.810     207.680           0         200       3.000   35000.000
201709030700      abi_gr           8      17.490     -46.690     207.680           0         200       3.000   35000.000
201709030700      abi_gr           8      17.500     -46.560     210.000           0         200       3.000   35000.000
201709030700      abi_gr           8      17.500     -46.440     210.970           0         200       3.000   35000.000
201709030700      abi_gr           8      17.480     -46.320     212.410           0         200       3.000   35000.000
201709030700      abi_gr           8      17.490     -46.200     216.250           0         200       3.000   35000.000
201709030700      abi_gr           8      17.490     -46.070     219.090           0         200       3.000   35000.000
201709030700      abi_gr           8      17.500     -45.950     218.160           0         200       3.000   35000.000
201709030700      abi_gr           8      17.610     -49.050     216.250           0         200       3.000   35000.000
201709030700      abi_gr           8      17.620     -48.940     221.540           0         200       3.000   35000.000
201709030700      abi_gr           8      17.620     -48.820     222.890           0         200       3.000   35000.000
201709030700      abi_gr           8      17.610     -48.680     219.550           0         200       3.000   35000.000
201709030700      abi_gr           8      17.610     -48.560     222.510           0         200       3.000   35000.000
201709030700      abi_gr           8      17.610     -48.440     222.090           0         200       3.000   35000.000
201709030700      abi_gr           8      17.620     -48.320     221.750           0         200       3.000   35000.000
201709030700      abi_gr           8      17.600     -48.180     222.890           0         200       3.000   35000.000
201709030700      abi_gr           8      17.610     -48.060     219.090           0         200       3.000   35000.000
201709030700      abi_gr           8      17.610     -47.940     216.510           0         200       3.000   35000.000
201709030700      abi_gr           8      17.610     -47.820     214.730           0         200       3.000   35000.000
201709030700      abi_gr           8      17.620     -47.700     212.580           0         200       3.000   35000.000
201709030700      abi_gr           8      17.620     -47.580     209.450           0         200       3.000   35000.000
201709030700      abi_gr           8      17.610     -47.430     205.690           0         200       3.000   35000.000
201709030700      abi_gr           8      17.610     -47.310     204.210           0         200       3.000   35000.000
201709030700      abi_gr           8      17.620     -47.190     203.540           0         200       3.000   35000.000
201709030700      abi_gr           8      17.620     -47.070     201.640           0         200       3.000   35000.000
201709030700      abi_gr           8      17.600     -46.950     201.640           0         200       3.000   35000.000
201709030700      abi_gr           8      17.610     -46.830     203.330           0         200       3.000   35000.000
201709030700      abi_gr           8      17.610     -46.700     205.900           0         200       3.000   35000.000
201709030700      abi_gr           8      17.620     -46.580     205.690           0         200       3.000   35000.000
201709030700      abi_gr           8      17.620     -46.460     207.850           0         200       3.000   35000.000
201709030700      abi_gr           8      17.610     -46.310     211.780           0         200       3.000   35000.000
201709030700      abi_gr           8      17.610     -46.210     212.110           0         200       3.000   35000.000
201709030700      abi_gr           8      17.610     -46.090     218.160           0         200       3.000   35000.000
201709030700      abi_gr           8      17.620     -45.960     211.480           0         200       3.000   35000.000
201709030700      abi_gr           8      17.600     -45.810     216.130           0         200       3.000   35000.000
201709030700      abi_gr           8      17.730     -49.070     219.340           0         200       3.000   35000.000
201709030700      abi_gr           8      17.740     -48.950     221.450           0         200       3.000   35000.000
201709030700      abi_gr           8      17.720     -48.810     223.690           0         200       3.000   35000.000
201709030700      abi_gr           8      17.730     -48.690     219.420           0         200       3.000   35000.000
201709030700      abi_gr           8      17.730     -48.580     222.300           0         200       3.000   35000.000
201709030700      abi_gr           8      17.740     -48.430     221.110           0         200       3.000   35000.000
201709030700      abi_gr           8      17.720     -48.310     222.090           0         200       3.000   35000.000
201709030700      abi_gr           8      17.720     -48.200     218.870           0         200       3.000   35000.000
201709030700      abi_gr           8      17.730     -48.080     215.960           0         200       3.000   35000.000
201709030700      abi_gr           8      17.730     -47.960     215.580           0         200       3.000   35000.000
201709030700      abi_gr           8      17.720     -47.810     213.300           0         200       3.000   35000.000
201709030700      abi_gr           8      17.720     -47.690     210.170           0         200       3.000   35000.000
201709030700      abi_gr           8      17.720     -47.570     206.710           0         200       3.000   35000.000
201709030700      abi_gr           8      17.730     -47.450     204.640           0         200       3.000   35000.000
201709030700      abi_gr           8      17.720     -46.570     205.480           0         200       3.000   35000.000
201709030700      abi_gr           8      17.720     -46.450     206.880           0         200       3.000   35000.000
201709030700      abi_gr           8      17.730     -46.320     208.780           0         200       3.000   35000.000
201709030700      abi_gr           8      17.730     -46.200     210.680           0         200       3.000   35000.000
201709030700      abi_gr           8      17.740     -46.070     215.160           0         200       3.000   35000.000
201709030700      abi_gr           8      17.720     -45.950     215.030           0         200       3.000   35000.000
201709030700      abi_gr           8      17.730     -45.830     214.730           0         200       3.000   35000.000
201709030700      abi_gr           8      17.730     -45.700     210.680           0         200       3.000   35000.000
201709030700      abi_gr           8      17.860     -49.060     217.650           0         200       3.000   35000.000
201709030700      abi_gr           8      17.840     -48.940     222.380           0         200       3.000   35000.000
201709030700      abi_gr           8      17.840     -48.830     222.170           0         200       3.000   35000.000
201709030700      abi_gr           8      17.850     -48.680     220.480           0         200       3.000   35000.000
201709030700      abi_gr           8      17.850     -48.560     224.660           0         200       3.000   35000.000
201709030700      abi_gr           8      17.860     -48.440     222.720           0         200       3.000   35000.000
201709030700      abi_gr           8      17.860     -48.320     217.400           0         200       3.000   35000.000
201709030700      abi_gr           8      17.850     -48.180     217.140           0         200       3.000   35000.000
201709030700      abi_gr           8      17.850     -48.060     215.450           0         200       3.000   35000.000
201709030700      abi_gr           8      17.850     -47.940     213.000           0         200       3.000   35000.000
201709030700      abi_gr           8      17.860     -47.820     210.000           0         200       3.000   35000.000
201709030700      abi_gr           8      17.840     -47.710     207.680           0         200       3.000   35000.000
201709030700      abi_gr           8      17.840     -46.560     204.640           0         200       3.000   35000.000
201709030700      abi_gr           8      17.850     -46.430     205.900           0         200       3.000   35000.000
201709030700      abi_gr           8      17.850     -46.310     208.230           0         200       3.000   35000.000
201709030700      abi_gr           8      17.830     -46.190     209.830           0         200       3.000   35000.000
201709030700      abi_gr           8      17.840     -46.060     216.630           0         200       3.000   35000.000
201709030700      abi_gr           8      17.850     -45.720     214.900           0         200       3.000   35000.000
201709030700      abi_gr           8      17.980     -49.070     216.130           0         200       3.000   35000.000
201709030700      abi_gr           8      17.960     -48.930     221.540           0         200       3.000   35000.000
201709030700      abi_gr           8      17.970     -48.810     215.580           0         200       3.000   35000.000
201709030700      abi_gr           8      17.970     -48.700     224.370           0         200       3.000   35000.000
201709030700      abi_gr           8      17.970     -48.580     226.860           0         200       3.000   35000.000
201709030700      abi_gr           8      17.960     -48.440     218.870           0         200       3.000   35000.000
201709030700      abi_gr           8      17.960     -48.320     216.130           0         200       3.000   35000.000
201709030700      abi_gr           8      17.970     -48.200     216.380           0         200       3.000   35000.000
201709030700      abi_gr           8      17.970     -48.080     214.610           0         200       3.000   35000.000
201709030700      abi_gr           8      17.960     -47.940     211.140           0         200       3.000   35000.000
201709030700      abi_gr           8      17.960     -47.810     208.230           0         200       3.000   35000.000
201709030700      abi_gr           8      17.960     -46.570     204.640           0         200       3.000   35000.000
201709030700      abi_gr           8      17.970     -46.450     204.850           0         200       3.000   35000.000
201709030700      abi_gr           8      17.970     -46.320     206.120           0         200       3.000   35000.000
201709030700      abi_gr           8      17.980     -46.200     206.710           0         200       3.000   35000.000
201709030700      abi_gr           8      17.960     -46.080     213.300           0         200       3.000   35000.000
201709030700      abi_gr           8      17.970     -45.950     210.970           0         200       3.000   35000.000
201709030700      abi_gr           8      17.970     -45.830     210.000           0         200       3.000   35000.000
201709030700      abi_gr           8      17.970     -45.700     209.450           0         200       3.000   35000.000
201709030700      abi_gr           8      18.080     -49.070     219.340           0         200       3.000   35000.000
201709030700      abi_gr           8      18.080     -48.950     223.820           0         200       3.000   35000.000
201709030700      abi_gr           8      18.090     -48.800     217.520           0         200       3.000   35000.000
201709030700      abi_gr           8      18.090     -48.680     225.970           0         200       3.000   35000.000
201709030700      abi_gr           8      18.080     -48.570     221.960           0         200       3.000   35000.000
201709030700      abi_gr           8      18.080     -48.450     216.380           0         200       3.000   35000.000
201709030700      abi_gr           8      18.090     -48.300     217.650           0         200       3.000   35000.000
201709030700      abi_gr           8      18.090     -48.180     215.160           0         200       3.000   35000.000
201709030700      abi_gr           8      18.090     -48.060     212.580           0         200       3.000   35000.000
201709030700      abi_gr           8      18.080     -47.950     208.570           0         200       3.000   35000.000
201709030700      abi_gr           8      18.090     -46.950     215.030           0         200       3.000   35000.000
201709030700      abi_gr           8      18.100     -46.830     216.630           0         200       3.000   35000.000
201709030700      abi_gr           8      18.080     -46.710     204.850           0         200       3.000   35000.000
201709030700      abi_gr           8      18.090     -46.590     205.270           0         200       3.000   35000.000
201709030700      abi_gr           8      18.070     -46.310     205.270           0         200       3.000   35000.000
201709030700      abi_gr           8      18.080     -46.060     209.110           0         200       3.000   35000.000
201709030700      abi_gr           8      18.080     -45.690     206.710           0         200       3.000   35000.000
201709030700      abi_gr           8      18.200     -49.050     220.900           0         200       3.000   35000.000
201709030700      abi_gr           8      18.210     -48.930     222.300           0         200       3.000   35000.000
201709030700      abi_gr           8      18.210     -48.820     220.140           0         200       3.000   35000.000
201709030700      abi_gr           8      18.210     -48.700     225.040           0         200       3.000   35000.000
201709030700      abi_gr           8      18.200     -48.560     219.210           0         200       3.000   35000.000
201709030700      abi_gr           8      18.200     -48.440     216.760           0         200       3.000   35000.000
201709030700      abi_gr           8      18.210     -48.320     216.760           0         200       3.000   35000.000
201709030700      abi_gr           8      18.210     -48.200     214.310           0         200       3.000   35000.000
201709030700      abi_gr           8      18.200     -48.060     210.800           0         200       3.000   35000.000
201709030700      abi_gr           8      18.190     -46.940     208.020           0         200       3.000   35000.000
201709030700      abi_gr           8      18.200     -46.820     210.000           0         200       3.000   35000.000
201709030700      abi_gr           8      18.200     -45.700     205.480           0         200       3.000   35000.000
201709030700      abi_gr           8      18.320     -49.070     221.320           0         200       3.000   35000.000
201709030700      abi_gr           8      18.330     -48.950     220.350           0         200       3.000   35000.000
201709030700      abi_gr           8      18.310     -48.810     222.510           0         200       3.000   35000.000
201709030700      abi_gr           8      18.320     -48.690     224.200           0         200       3.000   35000.000
201709030700      abi_gr           8      18.320     -48.570     218.750           0         200       3.000   35000.000
201709030700      abi_gr           8      18.320     -48.450     217.400           0         200       3.000   35000.000
201709030700      abi_gr           8      18.310     -48.310     216.760           0         200       3.000   35000.000
201709030700      abi_gr           8      18.310     -48.190     213.890           0         200       3.000   35000.000
201709030700      abi_gr           8      18.320     -48.070     209.830           0         200       3.000   35000.000
201709030700      abi_gr           8      18.320     -46.190     205.690           0         200       3.000   35000.000
201709030700      abi_gr           8      18.450     -49.050     225.510           0         200       3.000   35000.000
201709030700      abi_gr           8      18.450     -48.940     220.140           0         200       3.000   35000.000
201709030700      abi_gr           8      18.430     -48.820     223.230           0         200       3.000   35000.000
201709030700      abi_gr           8      18.440     -48.680     223.400           0         200       3.000   35000.000
201709030700      abi_gr           8      18.440     -48.560     218.490           0         200       3.000   35000.000
201709030700      abi_gr           8      18.450     -48.440     217.900           0         200       3.000   35000.000
201709030700      abi_gr           8      18.450     -48.320     215.710           0         200       3.000   35000.000
201709030700      abi_gr           8      18.430     -48.210     213.300           0         200       3.000   35000.000
201709030700      abi_gr           8      18.440     -48.060     209.280           0         200       3.000   35000.000
201709030700      abi_gr           8      18.450     -46.070     207.470           0         200       3.000   35000.000
201709030700      abi_gr           8      18.440     -45.950     205.480           0         200       3.000   35000.000
201709030700      abi_gr           8      18.550     -48.930     220.230           0         200       3.000   35000.000
201709030700      abi_gr           8      18.560     -48.810     224.200           0         200       3.000   35000.000
201709030700      abi_gr           8      18.560     -48.690     223.520           0         200       3.000   35000.000
201709030700      abi_gr           8      18.560     -48.570     219.090           0         200       3.000   35000.000
201709030700      abi_gr           8      18.570     -48.450     218.370           0         200       3.000   35000.000
201709030700      abi_gr           8      18.550     -48.310     214.900           0         200       3.000   35000.000
201709030700      abi_gr           8      18.560     -48.190     212.580           0         200       3.000   35000.000
201709030700      abi_gr           8      18.560     -48.070     210.340           0         200       3.000   35000.000
201709030700      abi_gr           8      18.550     -46.060     206.710           0         200       3.000   35000.000
201709030700      abi_gr           8      18.670     -48.940     222.380           0         200       3.000   35000.000
201709030700      abi_gr           8      18.680     -48.820     224.110           0         200       3.000   35000.000
201709030700      abi_gr           8      18.680     -48.700     224.490           0         200       3.000   35000.000
201709030700      abi_gr           8      18.670     -48.560     219.800           0         200       3.000   35000.000
201709030700      abi_gr           8      18.670     -48.440     218.030           0         200       3.000   35000.000
201709030700      abi_gr           8      18.680     -48.320     214.610           0         200       3.000   35000.000
201709030700      abi_gr           8      18.680     -48.200     213.000           0         200       3.000   35000.000
201709030700      abi_gr           8      18.660     -48.060     210.170           0         200       3.000   35000.000
201709030700      abi_gr           8      18.680     -46.080     205.060           0         200       3.000   35000.000
201709030700      abi_gr           8      18.680     -45.950     205.060           0         200       3.000   35000.000
201709030700      abi_gr           8      18.670     -45.700     209.830           0         200       3.000   35000.000
201709030700      abi_gr           8      18.800     -48.930     224.200           0         200       3.000   35000.000
201709030700      abi_gr           8      18.800     -48.810     223.610           0         200       3.000   35000.000
201709030700      abi_gr           8      18.810     -48.690     223.610           0         200       3.000   35000.000
201709030700      abi_gr           8      18.790     -48.580     219.680           0         200       3.000   35000.000
201709030700      abi_gr           8      18.790     -48.430     217.900           0         200       3.000   35000.000
201709030700      abi_gr           8      18.800     -48.310     215.030           0         200       3.000   35000.000
201709030700      abi_gr           8      18.800     -48.190     214.180           0         200       3.000   35000.000
201709030700      abi_gr           8      18.790     -48.070     210.680           0         200       3.000   35000.000
201709030700      abi_gr           8      18.800     -46.180     205.480           0         200       3.000   35000.000
201709030700      abi_gr           8      18.800     -46.090     206.490           0         200       3.000   35000.000
201709030700      abi_gr           8      18.790     -45.810     210.340           0         200       3.000   35000.000
201709030700      abi_gr           8      18.920     -48.820     222.890           0         200       3.000   35000.000
201709030700      abi_gr           8      18.910     -48.680     222.090           0         200       3.000   35000.000
201709030700      abi_gr           8      18.910     -48.560     220.690           0         200       3.000   35000.000
201709030700      abi_gr           8      18.920     -48.440     219.420           0         200       3.000   35000.000
201709030700      abi_gr           8      18.920     -48.320     216.380           0         200       3.000   35000.000
201709030700      abi_gr           8      18.910     -48.180     214.310           0         200       3.000   35000.000
201709030700      abi_gr           8      18.910     -48.060     210.970           0         200       3.000   35000.000
201709030700      abi_gr           8      18.900     -46.080     205.060           0         200       3.000   35000.000
201709030700      abi_gr           8      18.910     -45.950     206.710           0         200       3.000   35000.000
201709030700      abi_gr           8      18.910     -45.820     210.000           0         200       3.000   35000.000
201709030700      abi_gr           8      19.030     -48.810     221.540           0         200       3.000   35000.000
201709030700      abi_gr           8      19.030     -48.690     222.720           0         200       3.000   35000.000
201709030700      abi_gr           8      19.030     -48.570     221.660           0         200       3.000   35000.000
201709030700      abi_gr           8      19.020     -48.430     220.140           0         200       3.000   35000.000
201709030700      abi_gr           8      19.020     -48.310     218.490           0         200       3.000   35000.000
201709030700      abi_gr           8      19.030     -48.190     214.180           0         200       3.000   35000.000
201709030700      abi_gr           8      19.030     -48.070     213.760           0         200       3.000   35000.000
201709030700      abi_gr           8      19.040     -47.950     210.000           0         200       3.000   35000.000
201709030700      abi_gr           8      19.030     -45.960     205.900           0         200       3.000   35000.000
201709030700      abi_gr           8      19.150     -48.680     222.800           0         200       3.000   35000.000
201709030700      abi_gr           8      19.140     -48.560     221.750           0         200       3.000   35000.000
201709030700      abi_gr           8      19.140     -48.440     221.750           0         200       3.000   35000.000
201709030700      abi_gr           8      19.150     -48.330     221.660           0         200       3.000   35000.000
201709030700      abi_gr           8      19.150     -48.200     216.760           0         200       3.000   35000.000
201709030700      abi_gr           8      19.140     -48.060     215.160           0         200       3.000   35000.000
201709030700      abi_gr           8      19.140     -47.940     211.140           0         200       3.000   35000.000
201709030700      abi_gr           8      19.260     -48.580     222.300           0         200       3.000   35000.000
201709030700      abi_gr           8      19.270     -48.430     222.510           0         200       3.000   35000.000
201709030700      abi_gr           8      19.270     -48.310     220.560           0         200       3.000   35000.000
201709030700      abi_gr           8      19.270     -48.190     218.870           0         200       3.000   35000.000
201709030700      abi_gr           8      19.260     -48.070     215.450           0         200       3.000   35000.000
201709030700      abi_gr           8      19.260     -47.950     214.730           0         200       3.000   35000.000
201709030700      abi_gr           8      19.270     -47.830     210.970           0         200       3.000   35000.000
201709030700      abi_gr           8      19.390     -48.440     222.510           0         200       3.000   35000.000
201709030700      abi_gr           8      19.390     -48.320     219.680           0         200       3.000   35000.000
201709030700      abi_gr           8      19.400     -48.200     221.870           0         200       3.000   35000.000
201709030700      abi_gr           8      19.380     -48.060     217.400           0         200       3.000   35000.000
201709030700      abi_gr           8      19.390     -47.930     216.250           0         200       3.000   35000.000
201709030700      abi_gr           8      19.390     -47.810     213.760           0         200       3.000   35000.000
201709030700      abi_gr           8      19.500     -48.190     222.720           0         200       3.000   35000.000
201709030700      abi_gr           8      19.510     -48.070     221.320           0         200       3.000   35000.000
201709030700      abi_gr           8      19.510     -47.940     218.620           0         200       3.000   35000.000
201709030700      abi_gr           8      19.510     -47.820     217.400           0         200       3.000   35000.000
201709030700      abi_gr           8      19.500     -47.680     214.180           0         200       3.000   35000.000
201709030700      abi_gr           8      19.610     -47.930     221.870           0         200       3.000   35000.000
201709030700      abi_gr           8      19.620     -47.810     220.690           0         200       3.000   35000.000
201709030700      abi_gr           8      19.620     -47.690     218.160           0         200       3.000   35000.000
201709030700      abi_gr           8      19.630     -47.570     215.710           0         200       3.000   35000.000
201709030700      abi_gr           8      19.610     -47.450     212.110           0         200       3.000   35000.000
201709030700      abi_gr           8      19.730     -47.560     217.770           0         200       3.000   35000.000
201709030700      abi_gr           8      19.740     -47.430     214.730           0         200       3.000   35000.000
201709030700      abi_gr           8      19.740     -47.310     213.590           0         200       3.000   35000.000
