201709030700      abi_gr           8      16.390     -47.530     209.660           0         200       3.000   35000.000
201709030700      abi_gr           8      16.380     -47.350     208.780           0         200       3.000   35000.000
201709030700      abi_gr           8      16.390     -46.990     212.710           0         200       3.000   35000.000
201709030700      abi_gr           8      16.560     -48.090     212.240           0         200       3.000   35000.000
201709030700      abi_gr           8      16.560     -47.920     212.410           0         200       3.000   35000.000
201709030700      abi_gr           8      16.570     -47.740     210.340           0         200       3.000   35000.000
201709030700      abi_gr           8      16.570     -47.530     212.410           0         200       3.000   35000.000
201709030700      abi_gr           8      16.560     -47.350     212.580           0         200       3.000   35000.000
201709030700      abi_gr           8      16.740     -48.470     213.170           0         200       3.000   35000.000
201709030700      abi_gr           8      16.750     -48.290     210.510           0         200       3.000   35000.000
201709030700      abi_gr           8      16.740     -48.090     207.850           0         200       3.000   35000.000
201709030700      abi_gr           8      16.740     -47.910     213.170           0         200       3.000   35000.000
201709030700      abi_gr           8      16.750     -47.730     215.960           0         200       3.000   35000.000
201709030700      abi_gr           8      16.740     -47.530     213.170           0         200       3.000   35000.000
201709030700      abi_gr           8      16.740     -47.350     210.800           0         200       3.000   35000.000
201709030700      abi_gr           8      16.920     -48.650     210.680           0         200       3.000   35000.000
201709030700      abi_gr           8      16.930     -48.470     207.090           0         200       3.000   35000.000
201709030700      abi_gr           8      16.930     -48.290     207.850           0         200       3.000   35000.000
201709030700      abi_gr           8      16.930     -47.730     209.450           0         200       3.000   35000.000
201709030700      abi_gr           8      16.920     -47.530     208.950           0         200       3.000   35000.000
201709030700      abi_gr           8      16.930     -46.030     212.410           0         200       3.000   35000.000
201709030700      abi_gr           8      17.100     -48.670     211.950           0         200       3.000   35000.000
201709030700      abi_gr           8      17.110     -48.470     210.170           0         200       3.000   35000.000
201709030700      abi_gr           8      17.110     -46.030     210.000           0         200       3.000   35000.000
201709030700      abi_gr           8      17.290     -48.460     206.280           0         200       3.000   35000.000
201709030700      abi_gr           8      17.280     -45.840     203.070           0         200       3.000   35000.000
201709030700      abi_gr           8      17.460     -45.870     210.170           0         200       3.000   35000.000
201709030700      abi_gr           8      17.470     -45.680     202.610           0         200       3.000   35000.000
201709030700      abi_gr           8      17.640     -46.970     201.130           0         200       3.000   35000.000
201709030700      abi_gr           8      17.650     -45.670     206.490           0         200       3.000   35000.000
201709030700      abi_gr           8      17.830     -47.530     204.000           0         200       3.000   35000.000
201709030700      abi_gr           8      17.810     -47.360     201.130           0         200       3.000   35000.000
201709030700      abi_gr           8      17.820     -47.170     200.120           0         200       3.000   35000.000
201709030700      abi_gr           8      17.810     -46.970     198.470           0         200       3.000   35000.000
201709030700      abi_gr           8      17.810     -46.780     201.130           0         200       3.000   35000.000
201709030700      abi_gr           8      17.830     -45.850     207.090           0         200       3.000   35000.000
201709030700      abi_gr           8      17.980     -47.720     205.270           0         200       3.000   35000.000
201709030700      abi_gr           8      17.990     -47.530     201.380           0         200       3.000   35000.000
201709030700      abi_gr           8      18.000     -47.350     200.120           0         200       3.000   35000.000
201709030700      abi_gr           8      18.000     -47.170     200.880           0         200       3.000   35000.000
201709030700      abi_gr           8      17.990     -46.990     200.620           0         200       3.000   35000.000
201709030700      abi_gr           8      18.000     -46.810     201.130           0         200       3.000   35000.000
201709030700      abi_gr           8      17.990     -46.410     204.640           0         200       3.000   35000.000
201709030700      abi_gr           8      17.990     -45.850     206.280           0         200       3.000   35000.000
201709030700      abi_gr           8      16.420     -47.810     213.470           0         200       3.000   35000.000
201709030700      abi_gr           8      16.410     -47.580     210.510           0         200       3.000   35000.000
201709030700      abi_gr           8      16.420     -47.430     209.830           0         200       3.000   35000.000
201709030700      abi_gr           8      16.420     -47.310     211.780           0         200       3.000   35000.000
201709030700      abi_gr           8      16.420     -46.830     212.880           0         200       3.000   35000.000
201709030700      abi_gr           8      16.540     -48.070     211.950           0         200       3.000   35000.000
201709030700      abi_gr           8      16.540     -47.950     211.480           0         200       3.000   35000.000
201709030700      abi_gr           8      16.540     -47.830     213.170           0         200       3.000   35000.000
201709030700      abi_gr           8      16.530     -47.690     211.950           0         200       3.000   35000.000
201709030700      abi_gr           8      16.530     -47.570     213.000           0         200       3.000   35000.000
201709030700      abi_gr           8      16.670     -48.320     214.610           0         200       3.000   35000.000
201709030700      abi_gr           8      16.650     -48.180     213.760           0         200       3.000   35000.000
201709030700      abi_gr           8      16.660     -48.060     210.970           0         200       3.000   35000.000
201709030700      abi_gr           8      16.660     -47.940     209.830           0         200       3.000   35000.000
201709030700      abi_gr           8      16.670     -47.820     210.340           0         200       3.000   35000.000
201709030700      abi_gr           8      16.670     -47.700     211.780           0         200       3.000   35000.000
201709030700      abi_gr           8      16.650     -47.560     212.410           0         200       3.000   35000.000
201709030700      abi_gr           8      16.660     -47.440     213.590           0         200       3.000   35000.000
201709030700      abi_gr           8      16.770     -48.440     210.340           0         200       3.000   35000.000
201709030700      abi_gr           8      16.770     -48.320     209.280           0         200       3.000   35000.000
201709030700      abi_gr           8      16.770     -48.200     207.470           0         200       3.000   35000.000
201709030700      abi_gr           8      16.780     -48.080     208.400           0         200       3.000   35000.000
201709030700      abi_gr           8      16.780     -47.930     214.610           0         200       3.000   35000.000
201709030700      abi_gr           8      16.770     -47.580     214.060           0         200       3.000   35000.000
201709030700      abi_gr           8      16.780     -47.460     211.650           0         200       3.000   35000.000
201709030700      abi_gr           8      16.780     -47.330     211.650           0         200       3.000   35000.000
201709030700      abi_gr           8      16.900     -48.560     208.780           0         200       3.000   35000.000
201709030700      abi_gr           8      16.910     -48.450     206.880           0         200       3.000   35000.000
201709030700      abi_gr           8      16.890     -48.310     204.850           0         200       3.000   35000.000
201709030700      abi_gr           8      16.900     -48.190     209.830           0         200       3.000   35000.000
201709030700      abi_gr           8      16.900     -48.070     211.950           0         200       3.000   35000.000
201709030700      abi_gr           8      16.890     -47.690     209.450           0         200       3.000   35000.000
201709030700      abi_gr           8      16.900     -47.560     209.280           0         200       3.000   35000.000
201709030700      abi_gr           8      16.900     -47.440     210.340           0         200       3.000   35000.000
201709030700      abi_gr           8      16.900     -47.320     210.000           0         200       3.000   35000.000
201709030700      abi_gr           8      16.910     -47.200     208.780           0         200       3.000   35000.000
201709030700      abi_gr           8      17.020     -48.700     214.480           0         200       3.000   35000.000
201709030700      abi_gr           8      17.000     -48.560     208.570           0         200       3.000   35000.000
201709030700      abi_gr           8      17.010     -48.440     210.170           0         200       3.000   35000.000
201709030700      abi_gr           8      17.010     -46.070     210.340           0         200       3.000   35000.000
201709030700      abi_gr           8      17.010     -45.940     205.270           0         200       3.000   35000.000
201709030700      abi_gr           8      17.140     -48.810     210.970           0         200       3.000   35000.000
201709030700      abi_gr           8      17.140     -48.690     208.570           0         200       3.000   35000.000
201709030700      abi_gr           8      17.130     -48.430     210.970           0         200       3.000   35000.000
201709030700      abi_gr           8      17.130     -45.960     209.450           0         200       3.000   35000.000
201709030700      abi_gr           8      17.260     -48.820     209.450           0         200       3.000   35000.000
201709030700      abi_gr           8      17.250     -48.450     206.280           0         200       3.000   35000.000
201709030700      abi_gr           8      17.250     -45.940     209.450           0         200       3.000   35000.000
201709030700      abi_gr           8      17.260     -45.820     202.610           0         200       3.000   35000.000
201709030700      abi_gr           8      17.380     -45.830     207.300           0         200       3.000   35000.000
201709030700      abi_gr           8      17.380     -45.710     203.750           0         200       3.000   35000.000
201709030700      abi_gr           8      17.480     -45.830     208.570           0         200       3.000   35000.000
201709030700      abi_gr           8      17.490     -45.700     204.430           0         200       3.000   35000.000
201709030700      abi_gr           8      17.610     -45.680     207.850           0         200       3.000   35000.000
201709030700      abi_gr           8      17.730     -47.330     202.350           0         200       3.000   35000.000
201709030700      abi_gr           8      17.740     -47.210     200.880           0         200       3.000   35000.000
201709030700      abi_gr           8      17.720     -47.060     201.640           0         200       3.000   35000.000
201709030700      abi_gr           8      17.730     -46.940     201.380           0         200       3.000   35000.000
201709030700      abi_gr           8      17.730     -46.810     202.350           0         200       3.000   35000.000
201709030700      abi_gr           8      17.740     -46.690     202.350           0         200       3.000   35000.000
201709030700      abi_gr           8      17.850     -47.560     204.430           0         200       3.000   35000.000
201709030700      abi_gr           8      17.850     -47.430     203.540           0         200       3.000   35000.000
201709030700      abi_gr           8      17.860     -47.310     200.880           0         200       3.000   35000.000
201709030700      abi_gr           8      17.840     -47.200     200.370           0         200       3.000   35000.000
201709030700      abi_gr           8      17.840     -47.080     198.720           0         200       3.000   35000.000
201709030700      abi_gr           8      17.850     -46.950     197.880           0         200       3.000   35000.000
201709030700      abi_gr           8      17.850     -46.830     198.470           0         200       3.000   35000.000
201709030700      abi_gr           8      17.860     -46.700     201.890           0         200       3.000   35000.000
201709030700      abi_gr           8      17.840     -45.940     208.230           0         200       3.000   35000.000
201709030700      abi_gr           8      17.850     -45.810     205.900           0         200       3.000   35000.000
201709030700      abi_gr           8      17.860     -45.590     203.540           0         200       3.000   35000.000
201709030700      abi_gr           8      17.960     -47.690     205.060           0         200       3.000   35000.000
201709030700      abi_gr           8      17.970     -47.570     202.140           0         200       3.000   35000.000
201709030700      abi_gr           8      17.970     -47.450     200.620           0         200       3.000   35000.000
201709030700      abi_gr           8      17.980     -47.330     200.120           0         200       3.000   35000.000
201709030700      abi_gr           8      17.960     -47.180     199.570           0         200       3.000   35000.000
201709030700      abi_gr           8      17.970     -47.060     201.640           0         200       3.000   35000.000
201709030700      abi_gr           8      17.970     -46.940     201.640           0         200       3.000   35000.000
201709030700      abi_gr           8      17.980     -46.810     200.370           0         200       3.000   35000.000
201709030700      abi_gr           8      17.960     -46.700     202.140           0         200       3.000   35000.000
201709030700      abi_gr           8      17.960     -45.580     204.430           0         200       3.000   35000.000
