201709030700      abi_gr           8      16.390     -47.530     209.660           0         200       3.000   35000.000
201709030700      abi_gr           8      16.380     -47.350     208.780           0         200       3.000   35000.000
201709030700      abi_gr           8      16.390     -46.990     212.710           0         200       3.000   35000.000
201709030700      abi_gr           8      16.560     -48.090     212.240           0         200       3.000   35000.000
201709030700      abi_gr           8      16.560     -47.920     212.410           0         200       3.000   35000.000
201709030700      abi_gr           8      16.570     -47.740     210.340           0         200       3.000   35000.000
201709030700      abi_gr           8      16.570     -47.530     212.410           0         200       3.000   35000.000
201709030700      abi_gr           8      16.560     -47.350     212.580           0         200       3.000   35000.000
201709030700      abi_gr           8      16.740     -48.470     213.170           0         200       3.000   35000.000
201709030700      abi_gr           8      16.750     -48.290     210.510           0         200       3.000   35000.000
201709030700      abi_gr           8      16.740     -48.090     207.850           0         200       3.000   35000.000
201709030700      abi_gr           8      16.740     -47.910     213.170           0         200       3.000   35000.000
201709030700      abi_gr           8      16.750     -47.730     215.960           0         200       3.000   35000.000
201709030700      abi_gr           8      16.740     -47.530     213.170           0         200       3.000   35000.000
201709030700      abi_gr           8      16.740     -47.350     210.800           0         200       3.000   35000.000
201709030700      abi_gr           8      16.920     -48.650     210.680           0         200       3.000   35000.000
201709030700      abi_gr           8      16.930     -48.470     207.090           0         200       3.000   35000.000
201709030700      abi_gr           8      16.930     -48.290     207.850           0         200       3.000   35000.000
201709030700      abi_gr           8      16.930     -47.730     209.450           0         200       3.000   35000.000
201709030700      abi_gr           8      16.920     -47.530     208.950           0         200       3.000   35000.000
201709030700      abi_gr           8      16.930     -46.030     212.410           0         200       3.000   35000.000
201709030700      abi_gr           8      17.100     -48.670     211.950           0         200       3.000   35000.000
201709030700      abi_gr           8      17.110     -48.470     210.170           0         200       3.000   35000.000
201709030700      abi_gr           8      17.110     -46.030     210.000           0         200       3.000   35000.000
201709030700      abi_gr           8      17.290     -48.460     206.280           0         200       3.000   35000.000
201709030700      abi_gr           8      17.280     -45.840     203.070           0         200       3.000   35000.000
201709030700      abi_gr           8      17.460     -45.870     210.170           0         200       3.000   35000.000
201709030700      abi_gr           8      17.470     -45.680     202.610           0         200       3.000   35000.000
201709030700      abi_gr           8      17.640     -46.970     201.130           0         200       3.000   35000.000
201709030700      abi_gr           8      17.650     -45.670     206.490           0         200       3.000   35000.000
201709030700      abi_gr           8      17.830     -47.530     204.000           0         200       3.000   35000.000
201709030700      abi_gr           8      17.810     -47.360     201.130           0         200       3.000   35000.000
201709030700      abi_gr           8      17.820     -47.170     200.120           0         200       3.000   35000.000
201709030700      abi_gr           8      17.810     -46.970     198.470           0         200       3.000   35000.000
201709030700      abi_gr           8      17.810     -46.780     201.130           0         200       3.000   35000.000
201709030700      abi_gr           8      17.830     -45.850     207.090           0         200       3.000   35000.000
201709030700      abi_gr           8      17.980     -47.720     205.270           0         200       3.000   35000.000
201709030700      abi_gr           8      17.990     -47.530     201.380           0         200       3.000   35000.000
201709030700      abi_gr           8      18.000     -47.350     200.120           0         200       3.000   35000.000
201709030700      abi_gr           8      18.000     -47.170     200.880           0         200       3.000   35000.000
201709030700      abi_gr           8      17.990     -46.990     200.620           0         200       3.000   35000.000
201709030700      abi_gr           8      18.000     -46.810     201.130           0         200       3.000   35000.000
201709030700      abi_gr           8      17.990     -46.410     204.640           0         200       3.000   35000.000
201709030700      abi_gr           8      17.990     -45.850     206.280           0         200       3.000   35000.000
201709030700      abi_gr           8      18.180     -47.910     206.490           0         200       3.000   35000.000
201709030700      abi_gr           8      18.190     -47.730     202.140           0         200       3.000   35000.000
201709030700      abi_gr           8      18.170     -47.530     201.130           0         200       3.000   35000.000
201709030700      abi_gr           8      18.180     -47.340     201.380           0         200       3.000   35000.000
201709030700      abi_gr           8      18.170     -47.170     200.880           0         200       3.000   35000.000
201709030700      abi_gr           8      18.190     -46.610     202.610           0         200       3.000   35000.000
201709030700      abi_gr           8      18.170     -46.430     202.140           0         200       3.000   35000.000
201709030700      abi_gr           8      18.180     -46.240     204.000           0         200       3.000   35000.000
201709030700      abi_gr           8      18.170     -46.030     206.120           0         200       3.000   35000.000
201709030700      abi_gr           8      18.170     -45.870     203.750           0         200       3.000   35000.000
201709030700      abi_gr           8      18.340     -47.910     206.120           0         200       3.000   35000.000
201709030700      abi_gr           8      18.350     -47.730     203.070           0         200       3.000   35000.000
201709030700      abi_gr           8      18.360     -47.550     202.140           0         200       3.000   35000.000
201709030700      abi_gr           8      18.340     -47.340     201.890           0         200       3.000   35000.000
201709030700      abi_gr           8      18.350     -47.160     200.880           0         200       3.000   35000.000
201709030700      abi_gr           8      18.360     -46.970     201.890           0         200       3.000   35000.000
201709030700      abi_gr           8      18.340     -46.790     202.140           0         200       3.000   35000.000
201709030700      abi_gr           8      18.350     -46.610     200.370           0         200       3.000   35000.000
201709030700      abi_gr           8      18.360     -46.420     201.890           0         200       3.000   35000.000
201709030700      abi_gr           8      18.360     -46.230     204.000           0         200       3.000   35000.000
201709030700      abi_gr           8      18.360     -45.860     204.000           0         200       3.000   35000.000
201709030700      abi_gr           8      18.340     -45.680     202.350           0         200       3.000   35000.000
201709030700      abi_gr           8      18.530     -47.900     206.280           0         200       3.000   35000.000
201709030700      abi_gr           8      18.530     -47.720     203.750           0         200       3.000   35000.000
201709030700      abi_gr           8      18.540     -47.540     202.140           0         200       3.000   35000.000
201709030700      abi_gr           8      18.530     -47.360     202.610           0         200       3.000   35000.000
201709030700      abi_gr           8      18.530     -47.180     201.130           0         200       3.000   35000.000
201709030700      abi_gr           8      18.520     -46.970     199.020           0         200       3.000   35000.000
201709030700      abi_gr           8      18.530     -46.780     199.820           0         200       3.000   35000.000
201709030700      abi_gr           8      18.530     -46.600     200.370           0         200       3.000   35000.000
201709030700      abi_gr           8      18.520     -46.420     202.140           0         200       3.000   35000.000
201709030700      abi_gr           8      18.530     -46.230     203.540           0         200       3.000   35000.000
201709030700      abi_gr           8      18.520     -45.860     203.070           0         200       3.000   35000.000
201709030700      abi_gr           8      18.530     -45.670     204.430           0         200       3.000   35000.000
201709030700      abi_gr           8      18.710     -47.920     206.880           0         200       3.000   35000.000
201709030700      abi_gr           8      18.700     -47.720     204.430           0         200       3.000   35000.000
201709030700      abi_gr           8      18.700     -47.540     202.860           0         200       3.000   35000.000
201709030700      abi_gr           8      18.710     -47.350     202.860           0         200       3.000   35000.000
201709030700      abi_gr           8      18.720     -47.170     203.750           0         200       3.000   35000.000
201709030700      abi_gr           8      18.700     -46.990     202.610           0         200       3.000   35000.000
201709030700      abi_gr           8      18.710     -46.800     201.890           0         200       3.000   35000.000
201709030700      abi_gr           8      18.700     -46.590     202.140           0         200       3.000   35000.000
201709030700      abi_gr           8      18.710     -46.400     203.540           0         200       3.000   35000.000
201709030700      abi_gr           8      18.710     -46.220     205.060           0         200       3.000   35000.000
201709030700      abi_gr           8      18.710     -45.840     203.750           0         200       3.000   35000.000
201709030700      abi_gr           8      18.890     -47.910     207.300           0         200       3.000   35000.000
201709030700      abi_gr           8      18.880     -47.740     205.900           0         200       3.000   35000.000
201709030700      abi_gr           8      18.890     -47.530     204.430           0         200       3.000   35000.000
201709030700      abi_gr           8      18.870     -47.350     202.860           0         200       3.000   35000.000
201709030700      abi_gr           8      18.880     -47.170     204.210           0         200       3.000   35000.000
201709030700      abi_gr           8      18.890     -46.980     204.000           0         200       3.000   35000.000
201709030700      abi_gr           8      18.870     -46.800     202.860           0         200       3.000   35000.000
201709030700      abi_gr           8      18.880     -46.610     202.860           0         200       3.000   35000.000
201709030700      abi_gr           8      18.890     -46.420     203.750           0         200       3.000   35000.000
201709030700      abi_gr           8      19.070     -47.730     206.120           0         200       3.000   35000.000
201709030700      abi_gr           8      19.070     -47.540     205.480           0         200       3.000   35000.000
201709030700      abi_gr           8      19.060     -47.340     204.210           0         200       3.000   35000.000
201709030700      abi_gr           8      19.070     -47.150     204.000           0         200       3.000   35000.000
201709030700      abi_gr           8      19.050     -46.970     204.000           0         200       3.000   35000.000
201709030700      abi_gr           8      19.060     -46.790     203.540           0         200       3.000   35000.000
201709030700      abi_gr           8      19.070     -46.600     203.540           0         200       3.000   35000.000
201709030700      abi_gr           8      19.050     -46.420     202.140           0         200       3.000   35000.000
201709030700      abi_gr           8      19.060     -46.230     203.070           0         200       3.000   35000.000
201709030700      abi_gr           8      19.070     -46.040     205.480           0         200       3.000   35000.000
201709030700      abi_gr           8      19.230     -47.720     208.020           0         200       3.000   35000.000
201709030700      abi_gr           8      19.240     -47.540     206.490           0         200       3.000   35000.000
201709030700      abi_gr           8      19.240     -47.360     205.690           0         200       3.000   35000.000
201709030700      abi_gr           8      19.230     -47.180     204.850           0         200       3.000   35000.000
201709030700      abi_gr           8      19.240     -46.960     205.480           0         200       3.000   35000.000
201709030700      abi_gr           8      19.220     -46.780     204.850           0         200       3.000   35000.000
201709030700      abi_gr           8      19.230     -46.600     204.850           0         200       3.000   35000.000
201709030700      abi_gr           8      19.240     -46.410     204.000           0         200       3.000   35000.000
201709030700      abi_gr           8      19.230     -46.220     203.750           0         200       3.000   35000.000
201709030700      abi_gr           8      19.400     -47.540     207.470           0         200       3.000   35000.000
201709030700      abi_gr           8      19.410     -47.350     206.490           0         200       3.000   35000.000
201709030700      abi_gr           8      19.420     -47.170     206.120           0         200       3.000   35000.000
201709030700      abi_gr           8      19.420     -46.980     207.300           0         200       3.000   35000.000
201709030700      abi_gr           8      19.410     -46.800     207.850           0         200       3.000   35000.000
201709030700      abi_gr           8      19.420     -46.610     207.300           0         200       3.000   35000.000
201709030700      abi_gr           8      19.420     -46.420     205.060           0         200       3.000   35000.000
201709030700      abi_gr           8      19.590     -47.340     209.110           0         200       3.000   35000.000
201709030700      abi_gr           8      19.580     -47.160     208.020           0         200       3.000   35000.000
201709030700      abi_gr           8      19.590     -46.970     206.710           0         200       3.000   35000.000
201709030700      abi_gr           8      19.600     -46.780     209.110           0         200       3.000   35000.000
201709030700      abi_gr           8      19.580     -46.600     210.970           0         200       3.000   35000.000
201709030700      abi_gr           8      16.420     -47.810     213.470           0         200       3.000   35000.000
201709030700      abi_gr           8      16.410     -47.580     210.510           0         200       3.000   35000.000
201709030700      abi_gr           8      16.420     -47.430     209.830           0         200       3.000   35000.000
201709030700      abi_gr           8      16.420     -47.310     211.780           0         200       3.000   35000.000
201709030700      abi_gr           8      16.420     -46.830     212.880           0         200       3.000   35000.000
201709030700      abi_gr           8      16.540     -48.070     211.950           0         200       3.000   35000.000
201709030700      abi_gr           8      16.540     -47.950     211.480           0         200       3.000   35000.000
201709030700      abi_gr           8      16.540     -47.830     213.170           0         200       3.000   35000.000
201709030700      abi_gr           8      16.530     -47.690     211.950           0         200       3.000   35000.000
201709030700      abi_gr           8      16.530     -47.570     213.000           0         200       3.000   35000.000
201709030700      abi_gr           8      16.670     -48.320     214.610           0         200       3.000   35000.000
201709030700      abi_gr           8      16.650     -48.180     213.760           0         200       3.000   35000.000
201709030700      abi_gr           8      16.660     -48.060     210.970           0         200       3.000   35000.000
201709030700      abi_gr           8      16.660     -47.940     209.830           0         200       3.000   35000.000
201709030700      abi_gr           8      16.670     -47.820     210.340           0         200       3.000   35000.000
201709030700      abi_gr           8      16.670     -47.700     211.780           0         200       3.000   35000.000
201709030700      abi_gr           8      16.650     -47.560     212.410           0         200       3.000   35000.000
201709030700      abi_gr           8      16.660     -47.440     213.590           0         200       3.000   35000.000
201709030700      abi_gr           8      16.770     -48.440     210.340           0         200       3.000   35000.000
201709030700      abi_gr           8      16.770     -48.320     209.280           0         200       3.000   35000.000
201709030700      abi_gr           8      16.770     -48.200     207.470           0         200       3.000   35000.000
201709030700      abi_gr           8      16.780     -48.080     208.400           0         200       3.000   35000.000
201709030700      abi_gr           8      16.780     -47.930     214.610           0         200       3.000   35000.000
201709030700      abi_gr           8      16.770     -47.580     214.060           0         200       3.000   35000.000
201709030700      abi_gr           8      16.780     -47.460     211.650           0         200       3.000   35000.000
201709030700      abi_gr           8      16.780     -47.330     211.650           0         200       3.000   35000.000
201709030700      abi_gr           8      16.900     -48.560     208.780           0         200       3.000   35000.000
201709030700      abi_gr           8      16.910     -48.450     206.880           0         200       3.000   35000.000
201709030700      abi_gr           8      16.890     -48.310     204.850           0         200       3.000   35000.000
201709030700      abi_gr           8      16.900     -48.190     209.830           0         200       3.000   35000.000
201709030700      abi_gr           8      16.900     -48.070     211.950           0         200       3.000   35000.000
201709030700      abi_gr           8      16.890     -47.690     209.450           0         200       3.000   35000.000
201709030700      abi_gr           8      16.900     -47.560     209.280           0         200       3.000   35000.000
201709030700      abi_gr           8      16.900     -47.440     210.340           0         200       3.000   35000.000
201709030700      abi_gr           8      16.900     -47.320     210.000           0         200       3.000   35000.000
201709030700      abi_gr           8      16.910     -47.200     208.780           0         200       3.000   35000.000
201709030700      abi_gr           8      17.020     -48.700     214.480           0         200       3.000   35000.000
201709030700      abi_gr           8      17.000     -48.560     208.570           0         200       3.000   35000.000
201709030700      abi_gr           8      17.010     -48.440     210.170           0         200       3.000   35000.000
201709030700      abi_gr           8      17.010     -46.070     210.340           0         200       3.000   35000.000
201709030700      abi_gr           8      17.010     -45.940     205.270           0         200       3.000   35000.000
201709030700      abi_gr           8      17.140     -48.810     210.970           0         200       3.000   35000.000
201709030700      abi_gr           8      17.140     -48.690     208.570           0         200       3.000   35000.000
201709030700      abi_gr           8      17.130     -48.430     210.970           0         200       3.000   35000.000
201709030700      abi_gr           8      17.130     -45.960     209.450           0         200       3.000   35000.000
201709030700      abi_gr           8      17.260     -48.820     209.450           0         200       3.000   35000.000
201709030700      abi_gr           8      17.250     -48.450     206.280           0         200       3.000   35000.000
201709030700      abi_gr           8      17.250     -45.940     209.450           0         200       3.000   35000.000
201709030700      abi_gr           8      17.260     -45.820     202.610           0         200       3.000   35000.000
201709030700      abi_gr           8      17.380     -45.830     207.300           0         200       3.000   35000.000
201709030700      abi_gr           8      17.380     -45.710     203.750           0         200       3.000   35000.000
201709030700      abi_gr           8      17.480     -45.830     208.570           0         200       3.000   35000.000
201709030700      abi_gr           8      17.490     -45.700     204.430           0         200       3.000   35000.000
201709030700      abi_gr           8      17.610     -45.680     207.850           0         200       3.000   35000.000
201709030700      abi_gr           8      17.730     -47.330     202.350           0         200       3.000   35000.000
201709030700      abi_gr           8      17.740     -47.210     200.880           0         200       3.000   35000.000
201709030700      abi_gr           8      17.720     -47.060     201.640           0         200       3.000   35000.000
201709030700      abi_gr           8      17.730     -46.940     201.380           0         200       3.000   35000.000
201709030700      abi_gr           8      17.730     -46.810     202.350           0         200       3.000   35000.000
201709030700      abi_gr           8      17.740     -46.690     202.350           0         200       3.000   35000.000
201709030700      abi_gr           8      17.850     -47.560     204.430           0         200       3.000   35000.000
201709030700      abi_gr           8      17.850     -47.430     203.540           0         200       3.000   35000.000
201709030700      abi_gr           8      17.860     -47.310     200.880           0         200       3.000   35000.000
201709030700      abi_gr           8      17.840     -47.200     200.370           0         200       3.000   35000.000
201709030700      abi_gr           8      17.840     -47.080     198.720           0         200       3.000   35000.000
201709030700      abi_gr           8      17.850     -46.950     197.880           0         200       3.000   35000.000
201709030700      abi_gr           8      17.850     -46.830     198.470           0         200       3.000   35000.000
201709030700      abi_gr           8      17.860     -46.700     201.890           0         200       3.000   35000.000
201709030700      abi_gr           8      17.840     -45.940     208.230           0         200       3.000   35000.000
201709030700      abi_gr           8      17.850     -45.810     205.900           0         200       3.000   35000.000
201709030700      abi_gr           8      17.860     -45.590     203.540           0         200       3.000   35000.000
201709030700      abi_gr           8      17.960     -47.690     205.060           0         200       3.000   35000.000
201709030700      abi_gr           8      17.970     -47.570     202.140           0         200       3.000   35000.000
201709030700      abi_gr           8      17.970     -47.450     200.620           0         200       3.000   35000.000
201709030700      abi_gr           8      17.980     -47.330     200.120           0         200       3.000   35000.000
201709030700      abi_gr           8      17.960     -47.180     199.570           0         200       3.000   35000.000
201709030700      abi_gr           8      17.970     -47.060     201.640           0         200       3.000   35000.000
201709030700      abi_gr           8      17.970     -46.940     201.640           0         200       3.000   35000.000
201709030700      abi_gr           8      17.980     -46.810     200.370           0         200       3.000   35000.000
201709030700      abi_gr           8      17.960     -46.700     202.140           0         200       3.000   35000.000
201709030700      abi_gr           8      17.960     -45.580     204.430           0         200       3.000   35000.000
201709030700      abi_gr           8      18.080     -47.830     205.900           0         200       3.000   35000.000
201709030700      abi_gr           8      18.090     -47.710     203.070           0         200       3.000   35000.000
201709030700      abi_gr           8      18.090     -47.560     202.350           0         200       3.000   35000.000
201709030700      abi_gr           8      18.070     -47.440     200.120           0         200       3.000   35000.000
201709030700      abi_gr           8      18.080     -47.320     200.620           0         200       3.000   35000.000
201709030700      abi_gr           8      18.080     -47.200     200.620           0         200       3.000   35000.000
201709030700      abi_gr           8      18.090     -47.080     202.350           0         200       3.000   35000.000
201709030700      abi_gr           8      18.090     -46.460     203.330           0         200       3.000   35000.000
201709030700      abi_gr           8      18.080     -46.190     206.120           0         200       3.000   35000.000
201709030700      abi_gr           8      18.090     -45.940     206.710           0         200       3.000   35000.000
201709030700      abi_gr           8      18.070     -45.820     207.300           0         200       3.000   35000.000
201709030700      abi_gr           8      18.080     -45.560     205.900           0         200       3.000   35000.000
201709030700      abi_gr           8      18.200     -47.940     206.880           0         200       3.000   35000.000
201709030700      abi_gr           8      18.210     -47.810     204.850           0         200       3.000   35000.000
201709030700      abi_gr           8      18.210     -47.690     202.610           0         200       3.000   35000.000
201709030700      abi_gr           8      18.210     -47.570     201.640           0         200       3.000   35000.000
201709030700      abi_gr           8      18.200     -47.460     199.820           0         200       3.000   35000.000
201709030700      abi_gr           8      18.200     -47.300     201.130           0         200       3.000   35000.000
201709030700      abi_gr           8      18.210     -47.180     201.640           0         200       3.000   35000.000
201709030700      abi_gr           8      18.210     -47.060     203.750           0         200       3.000   35000.000
201709030700      abi_gr           8      18.200     -46.690     202.350           0         200       3.000   35000.000
201709030700      abi_gr           8      18.210     -46.570     203.540           0         200       3.000   35000.000
201709030700      abi_gr           8      18.210     -46.440     203.540           0         200       3.000   35000.000
201709030700      abi_gr           8      18.200     -46.330     202.860           0         200       3.000   35000.000
201709030700      abi_gr           8      18.200     -46.200     205.060           0         200       3.000   35000.000
201709030700      abi_gr           8      18.210     -46.080     204.430           0         200       3.000   35000.000
201709030700      abi_gr           8      18.210     -45.950     204.430           0         200       3.000   35000.000
201709030700      abi_gr           8      18.190     -45.830     204.210           0         200       3.000   35000.000
201709030700      abi_gr           8      18.200     -45.580     205.270           0         200       3.000   35000.000
201709030700      abi_gr           8      18.320     -47.950     207.680           0         200       3.000   35000.000
201709030700      abi_gr           8      18.330     -47.830     205.480           0         200       3.000   35000.000
201709030700      abi_gr           8      18.310     -47.690     203.330           0         200       3.000   35000.000
201709030700      abi_gr           8      18.320     -47.560     201.640           0         200       3.000   35000.000
201709030700      abi_gr           8      18.320     -47.440     201.380           0         200       3.000   35000.000
201709030700      abi_gr           8      18.320     -47.320     202.610           0         200       3.000   35000.000
201709030700      abi_gr           8      18.330     -47.200     202.860           0         200       3.000   35000.000
201709030700      abi_gr           8      18.330     -47.070     200.880           0         200       3.000   35000.000
201709030700      abi_gr           8      18.320     -46.960     204.430           0         200       3.000   35000.000
201709030700      abi_gr           8      18.320     -46.830     202.350           0         200       3.000   35000.000
201709030700      abi_gr           8      18.330     -46.710     201.380           0         200       3.000   35000.000
201709030700      abi_gr           8      18.330     -46.580     201.380           0         200       3.000   35000.000
201709030700      abi_gr           8      18.320     -46.440     201.380           0         200       3.000   35000.000
201709030700      abi_gr           8      18.320     -46.310     202.350           0         200       3.000   35000.000
201709030700      abi_gr           8      18.310     -46.070     205.480           0         200       3.000   35000.000
201709030700      abi_gr           8      18.310     -45.940     204.000           0         200       3.000   35000.000
201709030700      abi_gr           8      18.320     -45.810     204.210           0         200       3.000   35000.000
201709030700      abi_gr           8      18.320     -45.690     202.140           0         200       3.000   35000.000
201709030700      abi_gr           8      18.330     -45.590     204.000           0         200       3.000   35000.000
201709030700      abi_gr           8      18.440     -47.930     206.490           0         200       3.000   35000.000
201709030700      abi_gr           8      18.450     -47.810     205.480           0         200       3.000   35000.000
201709030700      abi_gr           8      18.430     -47.700     204.000           0         200       3.000   35000.000
201709030700      abi_gr           8      18.440     -47.580     202.140           0         200       3.000   35000.000
201709030700      abi_gr           8      18.440     -47.460     200.880           0         200       3.000   35000.000
201709030700      abi_gr           8      18.450     -47.330     203.070           0         200       3.000   35000.000
201709030700      abi_gr           8      18.430     -47.190     201.640           0         200       3.000   35000.000
201709030700      abi_gr           8      18.440     -47.060     200.120           0         200       3.000   35000.000
201709030700      abi_gr           8      18.440     -46.940     199.570           0         200       3.000   35000.000
201709030700      abi_gr           8      18.440     -46.820     200.120           0         200       3.000   35000.000
201709030700      abi_gr           8      18.450     -46.690     200.120           0         200       3.000   35000.000
201709030700      abi_gr           8      18.430     -46.580     200.370           0         200       3.000   35000.000
201709030700      abi_gr           8      18.440     -46.450     201.640           0         200       3.000   35000.000
201709030700      abi_gr           8      18.440     -46.320     202.610           0         200       3.000   35000.000
201709030700      abi_gr           8      18.450     -46.200     204.210           0         200       3.000   35000.000
201709030700      abi_gr           8      18.440     -45.830     205.060           0         200       3.000   35000.000
201709030700      abi_gr           8      18.440     -45.700     201.640           0         200       3.000   35000.000
201709030700      abi_gr           8      18.570     -47.950     207.470           0         200       3.000   35000.000
201709030700      abi_gr           8      18.550     -47.810     205.900           0         200       3.000   35000.000
201709030700      abi_gr           8      18.560     -47.680     202.860           0         200       3.000   35000.000
201709030700      abi_gr           8      18.560     -47.560     202.610           0         200       3.000   35000.000
201709030700      abi_gr           8      18.560     -47.440     201.130           0         200       3.000   35000.000
201709030700      abi_gr           8      18.550     -47.320     203.070           0         200       3.000   35000.000
201709030700      abi_gr           8      18.550     -47.200     202.350           0         200       3.000   35000.000
201709030700      abi_gr           8      18.560     -47.080     201.130           0         200       3.000   35000.000
201709030700      abi_gr           8      18.560     -46.950     199.570           0         200       3.000   35000.000
201709030700      abi_gr           8      18.570     -46.830     199.310           0         200       3.000   35000.000
201709030700      abi_gr           8      18.550     -46.680     200.120           0         200       3.000   35000.000
201709030700      abi_gr           8      18.560     -46.560     200.120           0         200       3.000   35000.000
201709030700      abi_gr           8      18.560     -46.430     202.140           0         200       3.000   35000.000
201709030700      abi_gr           8      18.540     -46.310     204.000           0         200       3.000   35000.000
201709030700      abi_gr           8      18.550     -46.190     205.060           0         200       3.000   35000.000
201709030700      abi_gr           8      18.560     -45.940     204.430           0         200       3.000   35000.000
201709030700      abi_gr           8      18.560     -45.840     202.350           0         200       3.000   35000.000
201709030700      abi_gr           8      18.570     -45.710     204.640           0         200       3.000   35000.000
201709030700      abi_gr           8      18.670     -47.940     207.470           0         200       3.000   35000.000
201709030700      abi_gr           8      18.670     -47.820     205.270           0         200       3.000   35000.000
201709030700      abi_gr           8      18.680     -47.700     204.210           0         200       3.000   35000.000
201709030700      abi_gr           8      18.680     -47.580     203.070           0         200       3.000   35000.000
201709030700      abi_gr           8      18.690     -47.450     201.640           0         200       3.000   35000.000
201709030700      abi_gr           8      18.670     -47.310     203.540           0         200       3.000   35000.000
201709030700      abi_gr           8      18.680     -47.180     203.750           0         200       3.000   35000.000
201709030700      abi_gr           8      18.680     -47.060     202.350           0         200       3.000   35000.000
201709030700      abi_gr           8      18.660     -46.940     201.380           0         200       3.000   35000.000
201709030700      abi_gr           8      18.670     -46.820     201.380           0         200       3.000   35000.000
201709030700      abi_gr           8      18.670     -46.700     201.130           0         200       3.000   35000.000
201709030700      abi_gr           8      18.680     -46.570     202.140           0         200       3.000   35000.000
201709030700      abi_gr           8      18.680     -46.440     203.330           0         200       3.000   35000.000
201709030700      abi_gr           8      18.670     -46.330     203.540           0         200       3.000   35000.000
201709030700      abi_gr           8      18.670     -46.200     204.430           0         200       3.000   35000.000
201709030700      abi_gr           8      18.690     -45.820     204.640           0         200       3.000   35000.000
201709030700      abi_gr           8      18.790     -47.950     207.300           0         200       3.000   35000.000
201709030700      abi_gr           8      18.800     -47.830     205.900           0         200       3.000   35000.000
201709030700      abi_gr           8      18.800     -47.680     205.270           0         200       3.000   35000.000
201709030700      abi_gr           8      18.780     -47.570     203.330           0         200       3.000   35000.000
201709030700      abi_gr           8      18.790     -47.440     202.140           0         200       3.000   35000.000
201709030700      abi_gr           8      18.790     -47.320     203.330           0         200       3.000   35000.000
201709030700      abi_gr           8      18.800     -47.200     204.850           0         200       3.000   35000.000
201709030700      abi_gr           8      18.800     -47.070     203.750           0         200       3.000   35000.000
201709030700      abi_gr           8      18.790     -46.960     202.350           0         200       3.000   35000.000
201709030700      abi_gr           8      18.790     -46.830     201.640           0         200       3.000   35000.000
201709030700      abi_gr           8      18.800     -46.710     202.610           0         200       3.000   35000.000
201709030700      abi_gr           8      18.800     -46.580     202.350           0         200       3.000   35000.000
201709030700      abi_gr           8      18.790     -46.440     202.610           0         200       3.000   35000.000
201709030700      abi_gr           8      18.790     -46.310     204.430           0         200       3.000   35000.000
201709030700      abi_gr           8      18.800     -45.960     205.060           0         200       3.000   35000.000
201709030700      abi_gr           8      18.910     -47.940     208.020           0         200       3.000   35000.000
201709030700      abi_gr           8      18.920     -47.810     206.490           0         200       3.000   35000.000
201709030700      abi_gr           8      18.920     -47.690     205.480           0         200       3.000   35000.000
201709030700      abi_gr           8      18.910     -47.580     204.640           0         200       3.000   35000.000
201709030700      abi_gr           8      18.910     -47.460     201.890           0         200       3.000   35000.000
201709030700      abi_gr           8      18.920     -47.330     203.070           0         200       3.000   35000.000
201709030700      abi_gr           8      18.900     -47.190     204.210           0         200       3.000   35000.000
201709030700      abi_gr           8      18.910     -47.060     203.750           0         200       3.000   35000.000
201709030700      abi_gr           8      18.910     -46.940     203.330           0         200       3.000   35000.000
201709030700      abi_gr           8      18.920     -46.810     203.070           0         200       3.000   35000.000
201709030700      abi_gr           8      18.920     -46.690     203.540           0         200       3.000   35000.000
201709030700      abi_gr           8      18.900     -46.570     203.070           0         200       3.000   35000.000
201709030700      abi_gr           8      18.910     -46.450     203.330           0         200       3.000   35000.000
201709030700      abi_gr           8      18.910     -46.320     204.000           0         200       3.000   35000.000
201709030700      abi_gr           8      18.920     -46.190     204.640           0         200       3.000   35000.000
201709030700      abi_gr           8      19.040     -47.830     207.680           0         200       3.000   35000.000
201709030700      abi_gr           8      19.030     -47.680     205.690           0         200       3.000   35000.000
201709030700      abi_gr           8      19.030     -47.560     205.270           0         200       3.000   35000.000
201709030700      abi_gr           8      19.040     -47.440     204.210           0         200       3.000   35000.000
201709030700      abi_gr           8      19.040     -47.310     203.330           0         200       3.000   35000.000
201709030700      abi_gr           8      19.020     -47.200     203.540           0         200       3.000   35000.000
201709030700      abi_gr           8      19.030     -47.080     204.000           0         200       3.000   35000.000
201709030700      abi_gr           8      19.030     -46.950     203.750           0         200       3.000   35000.000
201709030700      abi_gr           8      19.040     -46.830     203.750           0         200       3.000   35000.000
201709030700      abi_gr           8      19.040     -46.700     203.330           0         200       3.000   35000.000
201709030700      abi_gr           8      19.030     -46.580     202.610           0         200       3.000   35000.000
201709030700      abi_gr           8      19.030     -46.460     202.350           0         200       3.000   35000.000
201709030700      abi_gr           8      19.040     -46.330     201.890           0         200       3.000   35000.000
201709030700      abi_gr           8      19.040     -46.210     203.330           0         200       3.000   35000.000
201709030700      abi_gr           8      19.030     -46.090     204.430           0         200       3.000   35000.000
201709030700      abi_gr           8      19.140     -47.820     208.020           0         200       3.000   35000.000
201709030700      abi_gr           8      19.150     -47.700     206.490           0         200       3.000   35000.000
201709030700      abi_gr           8      19.150     -47.570     206.120           0         200       3.000   35000.000
201709030700      abi_gr           8      19.160     -47.450     205.900           0         200       3.000   35000.000
201709030700      abi_gr           8      19.140     -47.310     203.750           0         200       3.000   35000.000
201709030700      abi_gr           8      19.150     -47.180     205.060           0         200       3.000   35000.000
201709030700      abi_gr           8      19.150     -47.060     205.060           0         200       3.000   35000.000
201709030700      abi_gr           8      19.140     -46.940     205.060           0         200       3.000   35000.000
201709030700      abi_gr           8      19.140     -46.820     204.210           0         200       3.000   35000.000
201709030700      abi_gr           8      19.150     -46.690     203.330           0         200       3.000   35000.000
201709030700      abi_gr           8      19.150     -46.570     202.860           0         200       3.000   35000.000
201709030700      abi_gr           8      19.160     -46.440     202.610           0         200       3.000   35000.000
201709030700      abi_gr           8      19.140     -46.320     203.070           0         200       3.000   35000.000
201709030700      abi_gr           8      19.140     -46.200     204.000           0         200       3.000   35000.000
201709030700      abi_gr           8      19.150     -46.070     204.430           0         200       3.000   35000.000
201709030700      abi_gr           8      19.270     -47.710     208.570           0         200       3.000   35000.000
201709030700      abi_gr           8      19.260     -47.560     206.490           0         200       3.000   35000.000
201709030700      abi_gr           8      19.260     -47.440     206.490           0         200       3.000   35000.000
201709030700      abi_gr           8      19.270     -47.320     205.900           0         200       3.000   35000.000
201709030700      abi_gr           8      19.270     -47.190     205.060           0         200       3.000   35000.000
201709030700      abi_gr           8      19.280     -47.070     205.270           0         200       3.000   35000.000
201709030700      abi_gr           8      19.260     -46.950     206.120           0         200       3.000   35000.000
201709030700      abi_gr           8      19.260     -46.830     206.280           0         200       3.000   35000.000
201709030700      abi_gr           8      19.270     -46.700     204.210           0         200       3.000   35000.000
201709030700      abi_gr           8      19.270     -46.580     204.210           0         200       3.000   35000.000
201709030700      abi_gr           8      19.280     -46.450     205.480           0         200       3.000   35000.000
201709030700      abi_gr           8      19.260     -46.330     204.850           0         200       3.000   35000.000
201709030700      abi_gr           8      19.270     -46.210     205.270           0         200       3.000   35000.000
201709030700      abi_gr           8      19.380     -47.700     210.340           0         200       3.000   35000.000
201709030700      abi_gr           8      19.380     -47.580     207.470           0         200       3.000   35000.000
201709030700      abi_gr           8      19.380     -47.450     206.710           0         200       3.000   35000.000
201709030700      abi_gr           8      19.390     -47.330     206.880           0         200       3.000   35000.000
201709030700      abi_gr           8      19.390     -47.210     206.490           0         200       3.000   35000.000
201709030700      abi_gr           8      19.380     -47.060     205.690           0         200       3.000   35000.000
201709030700      abi_gr           8      19.380     -46.930     207.680           0         200       3.000   35000.000
201709030700      abi_gr           8      19.390     -46.810     207.850           0         200       3.000   35000.000
201709030700      abi_gr           8      19.370     -46.690     206.710           0         200       3.000   35000.000
201709030700      abi_gr           8      19.380     -46.570     205.690           0         200       3.000   35000.000
201709030700      abi_gr           8      19.380     -46.440     204.000           0         200       3.000   35000.000
201709030700      abi_gr           8      19.390     -46.310     206.280           0         200       3.000   35000.000
201709030700      abi_gr           8      19.500     -47.560     210.970           0         200       3.000   35000.000
201709030700      abi_gr           8      19.510     -47.430     208.020           0         200       3.000   35000.000
201709030700      abi_gr           8      19.490     -47.320     207.300           0         200       3.000   35000.000
201709030700      abi_gr           8      19.500     -47.190     206.490           0         200       3.000   35000.000
201709030700      abi_gr           8      19.500     -47.070     206.280           0         200       3.000   35000.000
201709030700      abi_gr           8      19.510     -46.940     207.680           0         200       3.000   35000.000
201709030700      abi_gr           8      19.510     -46.820     208.780           0         200       3.000   35000.000
201709030700      abi_gr           8      19.500     -46.700     208.020           0         200       3.000   35000.000
201709030700      abi_gr           8      19.500     -46.580     206.880           0         200       3.000   35000.000
201709030700      abi_gr           8      19.510     -46.450     206.880           0         200       3.000   35000.000
201709030700      abi_gr           8      19.620     -47.330     209.660           0         200       3.000   35000.000
201709030700      abi_gr           8      19.620     -47.200     208.400           0         200       3.000   35000.000
201709030700      abi_gr           8      19.630     -47.080     208.020           0         200       3.000   35000.000
201709030700      abi_gr           8      19.610     -46.930     207.090           0         200       3.000   35000.000
201709030700      abi_gr           8      19.620     -46.810     208.950           0         200       3.000   35000.000
201709030700      abi_gr           8      19.620     -46.680     210.680           0         200       3.000   35000.000
201709030700      abi_gr           8      19.720     -47.190     211.310           0         200       3.000   35000.000
201709030700      abi_gr           8      19.730     -47.070     209.110           0         200       3.000   35000.000
