posterior mean:
-64.890945 18.137962 996
997.0
988.0
980.0
998.0
1000.0
992.0
986.0
1000.0
995.0
990.0
994.0
990.0
998.0
988.0
984.0
983.0
994.0
976.0
987.0
999.0
996.0
986.0
998.0
1003.0
998.0
998.0
983.0
989.0
991.0
998.0
998.0
987.0
999.0
997.0
993.0
999.0
999.0
989.0
988.0
991.0
988.0
985.0
990.0
990.0
986.0
993.0
1003.0
1000.0
997.0
999.0
986.0
1002.0
988.0
998.0
985.0
992.0
984.0
983.0
995.0
984.0
[  1.  -8. -16.   2.   4.  -4. -10.   4.  -1.  -6.  -2.  -6.   2.  -8.
 -12. -13.  -2. -20.  -9.   3.   0. -10.   2.   7.   2.   2. -13.  -7.
  -5.   2.   2.  -9.   3.   1.  -3.   3.   3.  -7.  -8.  -5.  -8. -11.
  -6.  -6. -10.  -3.   7.   4.   1.   3. -10.   6.  -8.   2. -11.  -4.
 -12. -13.  -1. -12.]
Member: [21]
[[-64.45472717]] [[17.33669281]] [[996.]]
