posterior mean:
-65.17137 18.49292 995
993.0
992.0
972.0
1001.0
1000.0
995.0
984.0
999.0
989.0
984.0
986.0
986.0
1002.0
982.0
976.0
973.0
989.0
985.0
985.0
1004.0
1001.0
983.0
999.0
1002.0
999.0
1004.0
987.0
987.0
979.0
992.0
1001.0
983.0
999.0
999.0
989.0
993.0
1002.0
979.0
983.0
985.0
986.0
985.0
985.0
988.0
976.0
991.0
1001.0
1001.0
996.0
1001.0
984.0
1002.0
990.0
995.0
984.0
989.0
990.0
978.0
993.0
978.0
[ -2.  -3. -23.   6.   5.   0. -11.   4.  -6. -11.  -9.  -9.   7. -13.
 -19. -22.  -6. -10. -10.   9.   6. -12.   4.   7.   4.   9.  -8.  -8.
 -16.  -3.   6. -12.   4.   4.  -6.  -2.   7. -16. -12. -10.  -9. -10.
 -10.  -7. -19.  -4.   6.   6.   1.   6. -11.   7.  -5.   0. -11.  -6.
  -5. -17.  -2. -17.]
Member: [ 6 54]
[[-65.3271637 -65.3271637]] [[18.69963455 18.58154297]] [[995. 995.]]
