At201709160600
posterior mean:
-49.157818 9.961524 1009
1009.0
1010.0
1008.0
1007.0
1006.0
1007.0
1010.0
1008.0
1009.0
1008.0
1009.0
1008.0
1010.0
1007.0
1008.0
1010.0
1007.0
1007.0
1010.0
1009.0
1010.0
1008.0
1009.0
1008.0
1007.0
1009.0
1010.0
1006.0
1010.0
1007.0
1009.0
1010.0
1008.0
1010.0
1006.0
1010.0
1008.0
1010.0
1009.0
1009.0
1008.0
1010.0
1008.0
1006.0
1009.0
1007.0
1009.0
1008.0
1010.0
1008.0
1009.0
1009.0
1009.0
1008.0
1010.0
1009.0
1008.0
1007.0
1010.0
1008.0
[ 0.  1. -1. -2. -3. -2.  1. -1.  0. -1.  0. -1.  1. -2. -1.  1. -2. -2.
  1.  0.  1. -1.  0. -1. -2.  0.  1. -3.  1. -2.  0.  1. -1.  1. -3.  1.
 -1.  1.  0.  0. -1.  1. -1. -3.  0. -2.  0. -1.  1. -1.  0.  0.  0. -1.
  1.  0. -1. -2.  1. -1.]
Member: [ 1  9 11 20 23 26 31 39 40 45 47 51 52 53 56]
[[-48.97086716 -51.89974594 -49.53171921 -44.98260498 -51.89974594
  -49.22013474 -51.89974594 -50.31067657 -48.97086716 -48.90854645
  -49.0020256  -51.46353531 -49.25129318 -49.46940231 -49.62519073]] [[ 9.8080368   7.93019962  9.56232834  9.93082428  7.93019962  9.8080368
   7.93019962  9.43939972 10.26826477 10.23760223 10.11492538  7.93019962
  10.14559937  9.34718323  9.90013885]] [[1009. 1009. 1009. 1009. 1009. 1009. 1009. 1009. 1009. 1009. 1009. 1009.
  1009. 1009. 1009.]]
At201709161200
posterior mean:
-50.68457 11.1255245 1006
1008.0
1005.0
1000.0
997.0
999.0
1002.0
1004.0
1006.0
1008.0
1002.0
1007.0
999.0
999.0
992.0
1004.0
1006.0
1006.0
1005.0
998.0
1007.0
1000.0
999.0
1004.0
1008.0
1004.0
1007.0
1009.0
999.0
1006.0
1006.0
1004.0
1010.0
1002.0
1002.0
1008.0
1004.0
1008.0
1006.0
1007.0
1006.0
1013.0
1008.0
1001.0
1007.0
1001.0
1007.0
1006.0
1005.0
1002.0
1005.0
1000.0
1005.0
1001.0
1007.0
1007.0
1006.0
1006.0
1010.0
1008.0
1003.0
[  2.  -1.  -6.  -9.  -7.  -4.  -2.   0.   2.  -4.   1.  -7.  -7. -14.
  -2.   0.   0.  -1.  -8.   1.  -6.  -7.  -2.   2.  -2.   1.   3.  -7.
   0.   0.  -2.   4.  -4.  -4.   2.  -2.   2.   0.   1.   0.   7.   2.
  -5.   1.  -5.   1.   0.  -1.  -4.  -1.  -6.  -1.  -5.   1.   1.   0.
   0.   4.   2.  -3.]
Member: [ 8 16 17 29 30 38 40 47 56 57]
[[-50.77804947 -50.74689102 -50.74689102 -50.77804947 -50.71573257
  -50.65341568 -50.62226105 -50.80920792 -50.71573257 -50.74689102]] [[11.09494781 11.03378773 11.09494781 11.21723175 11.09494781 11.37000275
  11.09494781 11.15610027 11.03378773 11.09494781]] [[1006. 1006. 1006. 1006. 1006. 1006. 1006. 1006. 1006. 1006.]]
At201709161800
posterior mean:
-51.619328 11.339453 1002
995.0
999.0
995.0
997.0
997.0
1000.0
1003.0
1003.0
1001.0
998.0
1000.0
994.0
994.0
994.0
998.0
997.0
999.0
999.0
1000.0
1003.0
994.0
998.0
998.0
997.0
997.0
999.0
997.0
995.0
1000.0
997.0
996.0
1001.0
999.0
999.0
1002.0
994.0
1000.0
998.0
998.0
1001.0
1004.0
1002.0
996.0
998.0
997.0
998.0
1003.0
998.0
1000.0
998.0
997.0
997.0
995.0
999.0
1001.0
998.0
1001.0
1005.0
995.0
999.0
[-7. -3. -7. -5. -5. -2.  1.  1. -1. -4. -2. -8. -8. -8. -4. -5. -3. -3.
 -2.  1. -8. -4. -4. -5. -5. -3. -5. -7. -2. -5. -6. -1. -3. -3.  0. -8.
 -2. -4. -4. -1.  2.  0. -6. -4. -5. -4.  1. -4. -2. -4. -5. -5. -7. -3.
 -1. -4. -1.  3. -7. -3.]
Member: [35 42]
[[-51.93090439 -51.83743668]] [[11.49216843 11.1866684 ]] [[1002. 1002.]]
At201709170000
posterior mean:
-52.92797 12.010757 1006
1007.0
1005.0
1008.0
1007.0
1008.0
1007.0
1005.0
1005.0
1002.0
1006.0
1004.0
1004.0
1001.0
1009.0
1005.0
1009.0
1008.0
1006.0
1008.0
1004.0
1010.0
1008.0
998.0
1005.0
1004.0
1004.0
1004.0
1006.0
1003.0
1008.0
1000.0
1009.0
1003.0
1006.0
1002.0
1006.0
1004.0
1006.0
1010.0
1005.0
1003.0
1005.0
1004.0
1005.0
1005.0
1006.0
1008.0
1002.0
1007.0
1003.0
1006.0
1007.0
1003.0
1006.0
1005.0
1007.0
1005.0
1005.0
1007.0
1006.0
[ 1. -1.  2.  1.  2.  1. -1. -1. -4.  0. -2. -2. -5.  3. -1.  3.  2.  0.
  2. -2.  4.  2. -8. -1. -2. -2. -2.  0. -3.  2. -6.  3. -3.  0. -4.  0.
 -2.  0.  4. -1. -3. -1. -2. -1. -1.  0.  2. -4.  1. -3.  0.  1. -3.  0.
 -1.  1. -1. -1.  1.  0.]
Member: [10 18 28 34 36 38 46 51 54 60]
[[-52.86566162 -52.83449936 -52.83449936 -52.55407333 -53.11492157
  -52.74102402 -52.92797089 -52.80334091 -52.83449936 -53.08376312]] [[12.16308594 12.04123211 12.10216522 12.13262653 11.94979095 12.04123211
  11.88881588 11.98027802 12.16308594 12.04123211]] [[1006. 1006. 1006. 1006. 1006. 1006. 1006. 1006. 1006. 1006.]]
At201709170600
posterior mean:
-54.29894 12.680378 994
985.0
998.0
989.0
997.0
990.0
985.0
996.0
1001.0
983.0
995.0
996.0
991.0
1000.0
993.0
992.0
999.0
988.0
987.0
989.0
987.0
987.0
984.0
991.0
985.0
992.0
986.0
993.0
984.0
996.0
991.0
997.0
991.0
987.0
993.0
991.0
999.0
975.0
991.0
994.0
981.0
992.0
982.0
986.0
985.0
990.0
997.0
998.0
995.0
986.0
989.0
988.0
991.0
991.0
990.0
993.0
996.0
980.0
991.0
1001.0
995.0
[ -9.   4.  -5.   3.  -4.  -9.   2.   7. -11.   1.   2.  -3.   6.  -1.
  -2.   5.  -6.  -7.  -5.  -7.  -7. -10.  -3.  -9.  -2.  -8.  -1. -10.
   2.  -3.   3.  -3.  -7.  -1.  -3.   5. -19.  -3.   0. -13.  -2. -12.
  -8.  -9.  -4.   3.   4.   1.  -8.  -5.  -6.  -3.  -3.  -4.  -1.   2.
 -14.  -3.   7.   1.]
Member: [39]
[[-54.20546341]] [[12.5587616]] [[994.]]
At201709171200
posterior mean:
-55.482952 13.196631 985
975.0
984.0
985.0
985.0
989.0
989.0
989.0
995.0
971.0
990.0
993.0
975.0
996.0
987.0
986.0
974.0
976.0
996.0
984.0
987.0
977.0
979.0
996.0
982.0
988.0
975.0
994.0
974.0
991.0
977.0
992.0
981.0
982.0
974.0
994.0
992.0
967.0
988.0
980.0
970.0
986.0
971.0
977.0
992.0
979.0
997.0
996.0
979.0
975.0
981.0
986.0
977.0
980.0
981.0
971.0
990.0
987.0
991.0
988.0
988.0
[-10.  -1.   0.   0.   4.   4.   4.  10. -14.   5.   8. -10.  11.   2.
   1. -11.  -9.  11.  -1.   2.  -8.  -6.  11.  -3.   3. -10.   9. -11.
   6.  -8.   7.  -4.  -3. -11.   9.   7. -18.   3.  -5. -15.   1. -14.
  -8.   7.  -6.  12.  11.  -6. -10.  -4.   1.  -8.  -5.  -4. -14.   5.
   2.   6.   3.   3.]
Member: [3 4]
[[-55.51411057 -55.48295212]] [[13.25729561 13.19663143]] [[985. 985.]]
At201709171800
posterior mean:
-56.760445 13.772314 973
956.0
964.0
949.0
953.0
980.0
961.0
959.0
975.0
951.0
962.0
962.0
960.0
986.0
949.0
962.0
980.0
972.0
956.0
959.0
967.0
980.0
952.0
968.0
971.0
975.0
975.0
959.0
983.0
975.0
967.0
962.0
980.0
951.0
975.0
981.0
958.0
975.0
950.0
985.0
981.0
969.0
965.0
965.0
955.0
961.0
955.0
981.0
967.0
948.0
961.0
965.0
974.0
958.0
953.0
964.0
970.0
969.0
960.0
962.0
962.0
[-17.  -9. -24. -20.   7. -12. -14.   2. -22. -11. -11. -13.  13. -24.
 -11.   7.  -1. -17. -14.  -6.   7. -21.  -5.  -2.   2.   2. -14.  10.
   2.  -6. -11.   7. -22.   2.   8. -15.   2. -23.  12.   8.  -4.  -8.
  -8. -18. -12. -18.   8.  -6. -25. -12.  -8.   1. -15. -20.  -9.  -3.
  -4. -13. -11. -11.]
Member: [17 52]
[[-56.72928619 -56.6669693 ]] [[13.6209507  13.65123081]] [[972. 974.]]
At201709180000
posterior mean:
-57.944458 13.893333 974
977.0
976.0
939.0
973.0
955.0
974.0
980.0
978.0
958.0
960.0
966.0
964.0
971.0
953.0
955.0
973.0
972.0
975.0
955.0
959.0
963.0
941.0
958.0
959.0
971.0
949.0
966.0
941.0
950.0
958.0
939.0
979.0
970.0
938.0
971.0
973.0
954.0
943.0
968.0
964.0
953.0
938.0
973.0
960.0
979.0
933.0
977.0
977.0
958.0
938.0
978.0
966.0
980.0
964.0
963.0
979.0
972.0
961.0
968.0
960.0
[  3.   2. -35.  -1. -19.   0.   6.   4. -16. -14.  -8. -10.  -3. -21.
 -19.  -1.  -2.   1. -19. -15. -11. -33. -16. -15.  -3. -25.  -8. -33.
 -24. -16. -35.   5.  -4. -36.  -3.  -1. -20. -31.  -6. -10. -21. -36.
  -1. -14.   5. -41.   3.   3. -16. -36.   4.  -8.   6. -10. -11.   5.
  -2. -13.  -6. -14.]
Member: [6]
[[-58.0067749]] [[13.83283234]] [[974.]]
